0 0.353485762379 0.0666666666667 -2.0774976091 -1.35239352778
0 0.353485762379 0.0666666666667 -2.0774976091 -1.35239352778
0 0.353485762379 0.0222222222222 -2.39941908662 -1.35239352778
0 0.353485762379 0.0666666666667 -2.0774976091 0.739429743978
0 0.353485762379 0.0222222222222 -2.39941908662 0.739429743978
0 0.353485762379 0.0666666666667 -2.0774976091 0.739429743978
0 0.353485762379 0.0 -2.56037982537 0.739429743978
0 0.353485762379 0.0666666666667 -2.0774976091 0.739429743978
0 0.353485762379 0.0222222222222 -2.39941908662 -1.35239352778
0 0.353485762379 0.0666666666667 -2.0774976091 0.739429743978
0 0.353485762379 0.0222222222222 -2.39941908662 0.739429743978
0 0.353485762379 0.133333333333 -1.59461539283 0.739429743978
0 0.353485762379 0.133333333333 -1.59461539283 -1.35239352778
0 0.353485762379 0.133333333333 -1.59461539283 0.739429743978
0 0.353485762379 0.0222222222222 -2.39941908662 0.739429743978
0 0.353485762379 0.0666666666667 -2.0774976091 -1.35239352778
0 0.353485762379 0.0222222222222 -2.39941908662 0.739429743978
0 0.353485762379 0.0666666666667 -2.0774976091 0.739429743978
0 0.353485762379 0.0666666666667 -2.0774976091 -1.35239352778
0 0.353485762379 0.0666666666667 -2.0774976091 0.739429743978
0 0.353485762379 0.0666666666667 -2.0774976091 0.739429743978
0 0.353485762379 0.133333333333 -1.59461539283 0.739429743978
0 0.353485762379 0.0666666666667 -2.0774976091 0.739429743978
0 0.353485762379 0.0222222222222 -2.39941908662 0.739429743978
0 0.353485762379 0.0222222222222 -2.39941908662 0.739429743978
0 0.353485762379 0.0666666666667 -2.0774976091 -1.35239352778
0 0.353485762379 0.0222222222222 -2.39941908662 0.739429743978
0 0.353485762379 0.0666666666667 -2.0774976091 0.739429743978
0 0.353485762379 0.0222222222222 -2.39941908662 -1.35239352778
0 0.353485762379 0.0666666666667 -2.0774976091 0.739429743978
0 0.353485762379 0.0 -2.56037982537 0.739429743978
0 0.353485762379 0.133333333333 -1.59461539283 0.739429743978
0 0.353485762379 0.0222222222222 -2.39941908662 0.739429743978
0 0.353485762379 0.0222222222222 -2.39941908662 0.739429743978
0 0.353485762379 0.0222222222222 -2.39941908662 0.739429743978
0 0.353485762379 0.0666666666667 -2.0774976091 0.739429743978
0 0.353485762379 0.0666666666667 -2.0774976091 -1.35239352778
0 0.353485762379 0.0666666666667 -2.0774976091 -1.35239352778
0 0.353485762379 0.0222222222222 -2.39941908662 0.739429743978
0 0.353485762379 0.0666666666667 -2.0774976091 0.739429743978
0 0.353485762379 0.0222222222222 -2.39941908662 0.739429743978
0 0.353485762379 0.0222222222222 -2.39941908662 0.739429743978
0 0.353485762379 0.0666666666667 -2.0774976091 0.739429743978
0 0.353485762379 0.0222222222222 -2.39941908662 -1.35239352778
0 0.353485762379 0.0666666666667 -2.0774976091 0.739429743978
0 0.353485762379 0.133333333333 -1.59461539283 0.739429743978
0 0.353485762379 0.0222222222222 -2.39941908662 0.739429743978
0 0.353485762379 0.0222222222222 -2.39941908662 -1.35239352778
0 0.353485762379 0.0222222222222 -2.39941908662 0.739429743978
0 0.353485762379 0.0222222222222 -2.39941908662 0.739429743978
0 0.353485762379 0.133333333333 -1.59461539283 -1.35239352778
0 0.353485762379 0.133333333333 -1.59461539283 0.739429743978
0 0.353485762379 0.133333333333 -1.59461539283 0.739429743978
0 0.353485762379 0.0222222222222 -2.39941908662 0.739429743978
0 0.353485762379 0.0666666666667 -2.0774976091 -1.35239352778
0 0.353485762379 0.0666666666667 -2.0774976091 0.739429743978
0 0.353485762379 0.0666666666667 -2.0774976091 -1.35239352778
0 0.353485762379 0.0222222222222 -2.39941908662 -1.35239352778
0 0.353485762379 0.0222222222222 -2.39941908662 0.739429743978
0 0.353485762379 0.0222222222222 -2.39941908662 0.739429743978
0 0.353485762379 0.133333333333 -1.59461539283 0.739429743978
0 0.353485762379 0.0222222222222 -2.39941908662 0.739429743978
0 0.353485762379 0.133333333333 -1.59461539283 0.739429743978
0 0.353485762379 0.0 -2.56037982537 0.739429743978
0 0.353485762379 0.0222222222222 -2.39941908662 0.739429743978
0 0.353485762379 0.0222222222222 -2.39941908662 0.739429743978
0 0.353485762379 0.0666666666667 -2.0774976091 0.739429743978
0 0.353485762379 0.0666666666667 -2.0774976091 -1.35239352778
0 0.353485762379 0.0666666666667 -2.0774976091 0.739429743978
0 0.353485762379 0.0222222222222 -2.39941908662 0.739429743978
0 0.353485762379 0.0222222222222 -2.39941908662 0.739429743978
0 0.353485762379 0.0666666666667 -2.0774976091 0.739429743978
0 0.353485762379 0.0666666666667 -2.0774976091 0.739429743978
0 0.353485762379 0.0666666666667 -2.0774976091 0.739429743978
0 0.353485762379 0.0222222222222 -2.39941908662 0.739429743978
0 0.353485762379 0.0666666666667 -2.0774976091 0.739429743978
0 0.353485762379 0.0666666666667 -2.0774976091 -1.35239352778
0 0.353485762379 0.0666666666667 -2.0774976091 -1.35239352778
0 0.353485762379 0.0666666666667 -2.0774976091 -1.35239352778
0 0.353485762379 0.133333333333 -1.59461539283 -1.35239352778
0 0.353485762379 0.0222222222222 -2.39941908662 0.739429743978
0 0.353485762379 0.0666666666667 -2.0774976091 0.739429743978
