0 3.53485762379 1.88888888889 -2.06390644134 0.707998820659
0 3.18137186141 0.555555555556 -3.61411390743 -2.41284479837
0 3.53485762379 0.866666666667 -3.34568718492 1.16927862257
0 3.18137186141 1.64444444444 -2.11539197924 1.59301700125
0 3.18137186141 1.42222222222 -2.42125359724 1.0922842763
0 3.18137186141 1.48888888889 -2.32949511184 0.591551551348
0 3.18137186141 2.55555555556 -0.861359345452 1.0922842763
0 3.18137186141 1.08888888889 -2.88004602424 1.0922842763
0 2.47440033665 0.977777777778 -2.56187357073 0.287307359502
0 3.53485762379 1.75555555556 -2.23109523398 1.63055842448
0 3.18137186141 1.17777777778 -2.75770137704 0.0908188263943
0 3.18137186141 1.33333333333 -2.54359824444 1.0922842763
0 3.18137186141 0.822222222222 -3.24707996583 -0.409913898559
0 3.53485762379 1.33333333333 -2.76052641067 -1.13712038697
0 3.53485762379 3.04444444444 -0.614936905123 1.63055842448
0 3.53485762379 0.955555555556 -3.23422798982 1.16927862257
0 2.82788609903 0.666666666667 -3.29726978335 1.54954492791
0 3.18137186141 1.11111111111 -2.84945986244 -2.41284479837
0 3.53485762379 0.577777777778 -3.70792956897 1.16927862257
0 3.53485762379 1.24444444444 -2.87198560577 0.246719018751
0 3.18137186141 1.51111111111 -2.29890895004 1.59301700125
0 3.18137186141 0.711111111111 -3.40001077483 -0.910646623512
0 3.53485762379 1.75555555556 -2.23109523398 1.63055842448
0 2.47440033665 0.444444444444 -3.47481756116 1.49855169178
0 3.53485762379 1.46666666667 -2.59333761803 -0.214560783157
0 3.53485762379 1.84444444444 -2.11963603889 1.16927862257
0 3.18137186141 2.28888888889 -1.22839328705 1.59301700125
0 3.53485762379 0.977777777778 -3.20636319105 1.16927862257
0 2.47440033665 1.08888888889 -2.37167690606 1.49855169178
0 2.82788609903 0.288888888889 -3.8736273863 1.54954492791
0 2.82788609903 1.0 -2.78871895722 1.00159325176
0 3.53485762379 1.86666666667 -2.09177124011 -0.214560783157
0 3.53485762379 1.04444444444 -3.12276879473 -0.214560783157
0 3.53485762379 0.8 -3.42928158124 -2.05967999079
0 2.47440033665 0.333333333333 -3.66501422583 0.892929525643
0 3.18137186141 3.02222222222 -0.219049947657 1.59301700125
0 3.53485762379 1.53333333333 -2.50974322171 1.16927862257
0 3.18137186141 1.11111111111 -2.84945986244 1.59301700125
0 3.53485762379 1.31111111111 -2.78839120945 1.63055842448
0 2.82788609903 0.444444444444 -3.63630366744 1.54954492791
0 2.82788609903 0.622222222222 -3.36507656017 1.00159325176
0 3.18137186141 1.13333333333 -2.81887370064 -0.910646623512
0 3.18137186141 1.13333333333 -2.81887370064 1.59301700125
0 3.53485762379 1.0 -3.17849839228 -0.675840585065
0 2.82788609903 0.688888888889 -3.26336639494 0.45364157562
0 2.82788609903 0.955555555556 -2.85652573404 1.00159325176
0 3.18137186141 2.8 -0.524911565655 1.0922842763
0 3.53485762379 1.93333333333 -2.00817684379 -0.214560783157
0 3.53485762379 2.28888888889 -1.56234006342 1.63055842448
0 2.82788609903 0.8 -3.0938494529 1.54954492791
0 3.18137186141 0.777777777778 -3.30825228943 1.59301700125
0 3.18137186141 1.26666666667 -2.63535672984 1.59301700125
0 3.53485762379 1.26666666667 -2.84412080699 1.16927862257
0 3.53485762379 1.15555555556 -2.98344480086 1.16927862257
0 3.53485762379 1.77777777778 -2.20323043521 1.63055842448
0 3.18137186141 2.13333333333 -1.44249641965 1.59301700125
0 3.53485762379 2.26666666667 -1.59020486219 1.16927862257
0 3.53485762379 1.93333333333 -2.00817684379 1.63055842448
0 2.82788609903 0.533333333333 -3.5006901138 1.00159325176
0 2.82788609903 1.31111111111 -2.31407151949 1.54954492791
0 3.53485762379 2.13333333333 -1.75739365483 1.16927862257
0 3.18137186141 1.06666666667 -2.91063218604 0.591551551348
0 3.18137186141 1.35555555556 -2.51301208264 1.0922842763
0 2.82788609903 1.82222222222 -1.53429358609 1.54954492791
0 3.18137186141 0.911111111111 -3.12473531863 -1.41137934847
0 3.18137186141 0.755555555556 -3.33883845123 1.0922842763
0 3.53485762379 2.6 -1.17223288059 1.63055842448
0 3.18137186141 1.26666666667 -2.63535672984 0.0908188263943
0 3.18137186141 2.35555555556 -1.13663480165 1.59301700125
0 3.53485762379 1.68888888889 -2.3146896