1 5.10809499643 0.115929648241 -2.76535878332 -4.00831130091
1 4.08647599715 0.0624120603015 -2.70783818955 -2.29953327006
1 4.93782516322 0.089648241206 -2.76699952615 -3.75460712035
1 3.74593633072 0.0398492462312 -2.68686208934 -4.57496865732
1 3.74593633072 0.0366834170854 -2.68915727187 -4.57496865732
1 4.25674583036 0.0816582914573 -2.7121984429 -2.16292943566
1 4.42701566358 0.0736683417085 -2.73344484495 -2.03357086539
1 4.08647599715 0.0639195979899 -2.70682375037 -4.63953737782
1 4.76755533 0.0566331658291 -2.77275569731 -3.48974890087
1 4.93782516322 0.0701005025126 -2.77815600509 -2.92597443825
2 4.59728549679 0.0626633165829 -2.75521616554 -2.34483740476
2 4.25674583036 0.0633668341709 -2.72408084333 -2.16292943566
2 3.5756664975 0.0440201005025 -2.66363513323 -1.23381322543
2 4.08647599715 0.0636683417085 -2.70699282357 -3.23553491316
2 3.74593633072 0.0407537688442 -2.68620632291 -4.57496865732
2 4.59728549679 0.0717587939698 -2.74968979414 -4.08088131628
2 4.08647599715 0.0574371859296 -2.71118583885 -3.70353573472
2 4.25674583036 0.0720603015075 -2.71843343873 -1.70692826889
2 5.27836482965 0.093216080402 -2.79021820769 -3.06200230162
2 4.25674583036 0.056432160804 -2.72858570943 -4.8989364363
3 4.59728549679 0.0754773869347 -2.74743039368 -2.77884838264
3 3.5756664975 0.0410050251256 -2.66590916064 -3.26952856601
3 5.78917432929 0.149949748744 -2.79525546007 -2.3159554797
3 3.5756664975 0.0490452261307 -2.65984508755 -3.26952856601
3 3.5756664975 0.0375376884422 -2.66852429215 -2.25167089572
3 4.25674583036 0.0872361809045 -2.70857496365 -3.98693410276
3 4.08647599715 0.0422613065327 -2.72139785994 -2.29953327006
3 4.25674583036 0.0805527638191 -2.71291660996 -2.16292943566
3 2.72431733143 0.0217085427136 -2.55614550642 -4.37048723563
3 3.23512683107 0.02 -2.63809383785 -3.1208085879
4 3.23512683107 0.0200502512563 -2.63805260541 -2.57945954232
4 3.40539666429 0.0323618090452 -2.65104293284 -2.93460628975
4 2.55404749822 0.0211055276382 -2.52477453123 -0.902629845887
4 3.91620616393 0.0628140703518 -2.68953384098 -3.40563185339
4 4.42701566358 0.061959798995 -2.74079657992 -4.25703230303
4 5.10809499643 0.0823115577889 -2.78398117966 -1.57704373447
4 3.06485699786 0.0339698492462 -2.60155506625 -2.20174786847
4 4.25674583036 0.0541206030151 -2.73008733146 -3.07493176921
4 3.06485699786 0.0249246231156 -2.60931901545 -2.20174786847
4 4.08647599715 0.065527638191 -2.70574168191 -4.17153655627
5 2.89458716465 0.028391959799 -2.57931492006 -1.21948513265
5 3.74593633072 0.0368844221106 -2.68901154599 -1.60872453745
5 3.5756664975 0.0409547738693 -2.66594706109 -1.23381322543
5 2.55404749822 0.0254271356784 -2.52046685816 -2.77536739039
5 3.40539666429 0.0468341708543 -2.63966835352 -1.88552162239
5 3.74593633072 0.0289949748744 -2.69473128657 -4.57496865732
5 3.5756664975 0.0416582914573 -2.6654164547 -2.25167089572
5 2.55404749822 0.0111557788945 -2.53469219713 0.34586185045
5 2.72431733143 0.023216080402 -2.55471966717 -3.76978934449
5 3.5756664975 0.0270351758794 -2.67644548763 -4.2873862363
6 2.72431733143 0.0269346733668 -2.55120259702 -2.56839356221
6 2.72431733143 0.0197989949749 -2.55795156947 -4.37048723563
6 2.72431733143 0.0239698492462 -2.55400674754 -5.57188301792
6 4.25674583036 0.0394974874372 -2.73958672301 -3.53093293598
6 2.72431733143 0.034472361809 -2.54407340077 -4.37048723563
6 3.5756664975 0.0401507537688 -2.6665534684 -2.25167089572
6 3.91620616393 0.0466834170854 -2.70079247669 -1.00181270492
6 3.06485699786 0.0262311557789 -2.60819755612 -5.55880178077
6 3.23512683107 0.028040201005 -2.63149664718 -2.03811049674
6 5.44863466286 0.11 -2.79307012096 -2.15556057776
7 2.72431733143 0.0272864321608 -2.55086990119 -1.36699777992
7 2.383777665 0.0147738693467 -2.49629215129 -1.05088983806
7 3.23512683107 0.0249748743719 -2.63401182613 -3.66215763349
7 3.40539666429 0.0377386934673 -2.64681696066 -1.88552162239
7 3.74593633072 0.0521608040201 -2.67793637952 -2.10309855743
7 3.5756664975 0.0266331658291 -2.67674869128 -0.724884390283
7 3.91620616393 0.0469849246231 -2.7005820349 -1.00181270492
7 2.55404749822 0.0134170854271 -2.53243818215 -2.15112154222
7 2.21350783179 0.0144221105528 -2.45820151163 -1.89216734978
7 3.06485699786 0.0230653266332 -2.61091493834 -0.523220912316
8 3.40539666429 0.0250753768844 -2.65676971756 -0.836436955015
8 3.06485699786 0.0250753768844 -2.6091896163 -1.64223888308
8 3.23512683107 0.0513567839196 -2.61236479425 -2.03811049674
8 3.23512683107 0.0322613065327 -2.62803312208 -2.57945954232
8 3.40539666429 0.0474371859296 -2.63919441272 -1.3609792887
8 3.23512683107 0.0321608040201 -2.62811558697 -0.955412405572
8 3.74593633072 0.0358291457286 -2.68977660684 -1.60872453745
8 2.55404749822 0.0179899497487 -2.52788006298 -2.77536739039
8 2.89458716465 0.0268844221106 -2.58067156683 -2.37791364812
8 3.40539666429 0.0314572864322 -2.65175384404 -3.45914862344
9 4.59728549679 0.0542713567839 -2.7603150828 -4.94890327205
9 3.91620616393 0.0410050251256 -2.70475579705 -3.40563185339
9 3.40539666429 0.035175879397 -2.64883120908 -1.88552162239
9 2.72431733143 0.0243718592965 -2.55362652374 -0.165601997634
9 3.91620616393 0.0541708542714 -2.6955665056 -2.92486802369
9 2.72431733143 0.0224120603015 -2.55548011477 -3.16909145335
9 3.23512683107 0.0369849246231 -2.62415727257 -0.414063359989
9 4.08647599715 0.0374874371859 -2.72461025068 -1.8315324485
9 2.04323799857 0.00974874371859 -2.42098054294 -3.52589588134
9 3.5756664975 0.0313567839196 -2.67318604834 -0.215955555138
10 3.06485699786 0.0358793969849 -2.5999160103 -1.64223888308
10 2.55404749822 0.0214572864322 -2.52442390668 -4.02385908673
10 3.74593633072 0.0329648241206 -2.69185320055 -4.08059463734
10 2.04323799857 0.0100502512563 -2.42062158168 -2.10323492633
10 4.25674583036 0.0463316582915 -2.73514714483 -2.16292943566
10 3.74593633072 0.0546231155779 -2.67615123756 -2.10309855743
10 2.04323799857 0.00904522613065 -2.42181811924 -3.52589588134
10 4.08647599715 0.0252261306533 -2.73286102269 -0.427529983844
10 3.40539666429 0.0233668341709 -2.65811254984 -1.3609792887
10 2.89458716465 0.0170854271357 -2.5894897708 -3.53634216358
11 4.08647599715 0.0559296482412 -2.71220027803 -3.23553491316
11 3.40539666429 0.0239195979899 -2.6576781041 -1.3609792887
11 3.40539666429 0.0406532663317 -2.64452624677 -1.88552162239
11 4.08647599715 0.0608542713568 -2.70888644337 -3.23553491316
11 3.06485699786 0.0275879396985 -2.60703296374 -1.64223888308
11 2.55404749822 0.0165829145729 -2.52928256118 -0.278383997719
11 3.23512683107 0.0382412060302 -2.62312646152 -2.57945954232
11 2.21350783179 0.0125125628141 -2.46033605922 -0.534067462499
11 2.383777665 0.0121608040201 -2.49904561858 -1.70110349698
11 3.23512683107 0.0238190954774 -2.63496017229 0.127285685593
12 2.21350783179 0.014824120603 -2.45775213319 -1.89216734978
12 2.89458716465 0.0163819095477 -2.59012287262 -4.69477067905
12 3.06485699786 0.015527638191 -2.61738489601 -2.20174786847
12 3.23512683107 0.0312060301508 -2.62889900336 -2.03811049674
12 1.53242849893 0.00462311557789 -2.26653427621 -2.90505048894
12 3.5756664975 0.0352261306533 -2.67026771317 -3.77845740115
12 3.06485699786 0.0221105527638 -2.61173446632 -3.32076583923
12 3.40539666429 0.0260804020101 -2.65597981622 -1.3609792887
12 3.74593633072 0.0396984924623 -2.68697138375 -1.11435051747
12 3.23512683107 0.0257286432161 -2.6333933395 -1.49676145115
13 3.5756664975 0.0275376884422 -2.67606648306 -1.74274206057
13 2.89458716465 0.021256281407 -2.58573638142 -0.0610566171852
13 2.383777665 0.0140201005025 -2.4970864207 -2.35131715589
13 2.89458716465 0.0275376884422 -2.58008368656 -3.53634216358
13 1.53242849893 0.0051256281407 -2.26578878732 -0.391720492966
13 3.5756664975 0.0387939698492 -2.66757678073 -0.215955555138
13 3.06485699786 0.0265326633166 -2.60793875782 -1.0827298977
13 4.42701566358 0.0536683417085 -2.74600274416 -3.36764772798
13 2.72431733143 0.0331155778894 -2.54535665609 -3.16909145335
13 3.91620616393 0.061256281407 -2.69062112355 -2.92486802369
14 3.40539666429 0.0359296482412 -2.64823878307 -2.93460628975
14 3.91620616393 0.0378894472362 -2.7069303622 -3.40563185339
14 3.23512683107 0.0361809045226 -2.62481699163 -3.66215763349
14 3.06485699786 0.0253768844221 -2.60893081799 -2.76125685385
14 4.08647599715 0.048743718593 -2.71703577146 -2.76753409161
14 3.74593633072 0.0386934673367 -2.68770001312 -1.11435051747
14 2.89458716465 0.0163819095477 -2.59012287262 -4.11555642131
14 2.89458716465 0.0230653266332 -2.5841084053 -2.37791364812
14 4.08647599715 0.0656281407035 -2.70567405263 -0.895530805397
14 2.72431733143 0.0149748743719 -2.56251425507 -1.36699777992
15 2.89458716465 0.0177889447236 -2.58885666897 -1.79869939038
15 3.5756664975 0.027135678392 -2.67636968671 -3.26952856601
15 2.89458716465 0.0292462311558 -2.57854615356 -1.79869939038
15 3.23512683107 0.0313065326633 -2.62881653848 -3.66215763349
15 2.89458716465 0.0222613065327 -2.58483195024 1.67658615601
15 3.91620616393 0.0315577889447 -2.71134963977 -1.96334036431
15 2.21350783179 0.0117587939698 -2.4611786438 -0.534067462499
15 3.40539666429 0.0340703517588 -2.64970010056 -0.836436955015
15 3.23512683107 0.0259798994975 -2.63318717729 -0.955412405572
15 3.23512683107 0.0453768844221 -2.61727145481 -2.03811049674
16 3.23512683107 0.0247738693467 -2.63417675589 -0.955412405572
16 3.23512683107 0.0289447236181 -2.63075446323 -1.49676145115
16 3.91620616393 0.0299497487437 -2.71247199598 -4.84792334247
16 3.91620616393 0.0661306532663 -2.6872189813 -0.521048875226
16 3.06485699786 0.0250753768844 -2.6091896163 -2.20174786847
16 2.89458716465 0.0204522613065 -2.58645992636 -1.21948513265
16 3.40539666429 0.0390452261307 -2.64579008892 -2.93460628975
16 1.36215866572 0.00361809045226 -2.19882812027 -2.35989589582
16 2.55404749822 0.0188944723618 -2.52697845698 -2.15112154222
16 3.5756664975 0.0293467336683 -2.67470206661 -1.23381322543
17 3.5756664975 0.0316582914573 -2.6729586456 -3.26952856601
17 4.08647599715 0.0395477386935 -2.72322385047 -0.427529983844
17 3.74593633072 0.0426633165829 -2.6848219271 -2.59747257741
17 4.25674583036 0.048391959799 -2.73380874258 -1.25092710211
17 2.72431733143 0.0268844221106 -2.55125012499 -1.36699777992
17 2.383777665 0.0138693467337 -2.49724527458 1.5499647976
17 4.42701566358 0.0637688442211 -2.73966068954 -3.36764772798
17 3.40539666429 0.0241708542714 -2.65748062877 -1.88552162239
17 3.5756664975 0.0398994974874 -2.66674297069 -2.25167089572
17 3.40539666429 0.0377386934673 -2.64681696066 -2.41006395607
18 2.89458716465 0.0244221105528 -2.58288742321 -0.640270874918
18 1.1918888325 0.0051256281407 -2.11572509028 -1.74118643546
18 2.383777665 0.0108542713568 -2.50042235223 -2.35131715589
18 2.72431733143 0.0317085427136 -2.54668743939 -1.36699777992
18 3.40539666429 0.031608040201 -2.65163535884 -2.41006395607
18 2.89458716465 0.023216080402 -2.58397274062 -1.79869939038
18 3.06485699786 0.0270854271357 -2.60746429425 0.0362880730678
18 4.25674583036 0.0561809045226 -2.72874892921 -3.07493176921
18 3.5756664975 0.0375376884422 -2.66852429215 -1.74274206057
18 2.72431733143 0.0251256281407 -2.55291360412 -1.96769567106
19 2.04323799857 0.0105025125628 -2.42008313977 -0.68057397133
19 2.21350783179 0.0158793969849 -2.45657251478 -1.21311740614
19 4.42701566358 0.0798994974874 -2.72953233364 -1.58887857787
19 3.91620616393 0.0285929648241 -2.71341898403 -1.48257653461
19 4.08647599715 0.0366834170854 -2.72515128491 -0.427529983844
19 3.23512683107 0.0285427135678 -2.63108432277 -0.414063359989
19 2.383777665 0.0179396984925 -2.49295621976 -1.05088983806
19 4.42701566358 0.0741206030151 -2.73316087236 -4.70172459056
19 2.55404749822 0.021256281407 -2.52462426356 -2.15112154222
19 3.23512683107 0.0157788944724 -2.64155736295 -0.955412405572
20 2.21350783179 0.0140703517588 -2.45859471777 -1.89216734978
20 2.72431733143 0.0193969849246 -2.55833179327 -0.766299888777
20 2.89458716465 0.0268844221106 -2.58067156683 -2.95712790585
20 2.72431733143 0.0199497487437 -2.55780898554 -1.36699777992
20 3.40539666429 0.038743718593 -2.64602705932 -1.88552162239
20 2.89458716465 0.0175879396985 -2.58903755521 -0.640270874918
20 2.04323799857 0.0100502512563 -2.42062158168 -2.10323492633
20 2.55404749822 0.0144221105528 -2.53143639772 -2.77536739039
20 3.40539666429 0.0399497487437 -2.64507917771 -2.93460628975
20 2.383777665 0.015175879397 -2.49586854094 -3.65174447373
21 4.42701566358 0.0514070351759 -2.74742260714 -1.58887857787
21 3.23512683107 0.0280904522613 -2.63145541474 -3.1208085879
21 3.74593633072 0.0353768844221 -2.69010449005 -4.08059463734
21 3.5756664975 0.047135678392 -2.66128530491 -1.23381322543
21 2.21350783179 0.0166834170854 -2.4556737579 -2.57121729342
21 2.21350783179 0.00974874371859 -2.46342553601 -0.534067462499
21 3.23512683107 0.0258291457286 -2.63331087462 -4.20350667907
21 2.383777665 0.0144221105528 -2.49666281035 -0.400676179145
21 2.55404749822 0.02 -2.52587649411 -1.52687569406
21 2.55404749822 0.0166834170854 -2.52918238274 -0.278383997719
22 4.76755533 0.0654773869347 -2.76755016353 -1.37023942297
22 3.5756664975 0.0301005025126 -2.67413355976 -2.76059973086
22 3.74593633072 0.0450753768844 -2.6830732166 -3.58622061736
22 3.5756664975 0.0413567839196 -2.66564385744 -2.25167089572
22 2.72431733143 0.028391959799 -2.54982428574 -2.56839356221
22 3.74593633072 0.0397989949749 -2.68689852081 -1.60872453745
22 4.25674583036 0.0593969849246 -2.72665971595 -3.07493176921
22 3.06485699786 0.0286934673367 -2.60608403662 -2.20174786847
22 4.42701566358 0.0553768844221 -2.7449299588 -1.58887857787
22 4.08647599715 0.0474874371859 -2.71788113745 -1.36353162695
23 3.40539666429 0.0383417085427 -2.64634301986 -1.3609792887
23 3.40539666429 0.0203015075377 -2.66052174893 -2.41006395607
23 2.383777665 0.0158793969849 -2.49512722282 -3.00153081481
23 3.5756664975 0.0462311557789 -2.66196751313 0.292973280007
23 2.72431733143 0.0172864321608 -2.56032796822 -0.766299888777
23 2.72431733143 0.0152763819095 -2.56222908722 -3.16909145335
23 3.06485699786 0.024472361809 -2.60970721291 -1.0827298977
23 2.383777665 0.015175879397 -2.49586854094 0.249537479772
23 2.55404749822 0.0134170854271 -2.53243818215 -2.15112154222
23 4.08647599715 0.0530653266332 -2.71412771248 -2.76753409161
24 4.42701566358 0.0602512562814 -2.74186936528 -1.14418629034
24 3.91620616393 0.0390954773869 -2.70608859505 -1.96334036431
24 2.55404749822 0.0143718592965 -2.53148648694 0.34586185045
24 3.23512683107 0.022864321608 -2.63574358868 -4.74485572465
24 2.55404749822 0.0254773869347 -2.52041676894 0.970107698619
24 2.55404749822 0.0224120603015 -2.52347221146 -1.52687569406
24 3.74593633072 0.031959798995 -2.69258182992 -0.619976497492
24 4.76755533 0.0493467336683 -2.7770443473 -1.79414131855
24 2.89458716465 0.0189949748744 -2.58777135156 -4.11555642131
24 2.72431733143 0.0208542713568 -2.55695348199 -2.56839356221
25 2.383777665 0.0183417085427 -2.49253260941 -2.35131715589
25 3.40539666429 0.0330150753769 -2.65052949696 0.737190046039
25 2.72431733143 0.024472361809 -2.55353146779 -3.16909145335
25 2.383777665 0.015175879397 -2.49586854094 0.249537479772
25 3.74593633072 0.0462311557789 -2.68223529283 -3.09184659738
25 3.91620616393 0.0507537688442 -2.69795151254 -1.00181270492
25 3.06485699786 0.0270351758794 -2.6075074273 -2.76125685385
25 2.89458716465 0.0241206030151 -2.58315875256 -2.37791364812
25 3.40539666429 0.0233668341709 -2.65811254984 -0.836436955015
25 3.91620616393 0.0370854271357 -2.70749154031 -3.88639568308
26 4.08647599715 0.0619095477387 -2.70817633595 -1.36353162695
26 2.72431733143 0.0205527638191 -2.55723864984 -3.16909145335
26 3.23512683107 0.0184924623116 -2.6393308111 -2.57945954232
26 2.383777665 0.0108542713568 -2.50042235223 -1.70110349698
26 2.55404749822 0.018743718593 -2.52712872465 -0.902629845887
26 4.08647599715 0.0526130653266 -2.71443204423 -2.29953327006
26 4.08647599715 0.0490954773869 -2.71679906899 -0.895530805397
26 3.40539666429 0.0423618090452 -2.64318341449 -2.93460628975
26 4.25674583036 0.0404522613065 -2.73896648783 1.02907873176
26 2.383777665 0.0070351758794 -2.50444665058 0.249537479772
27 3.23512683107 0.0273869346734 -2.63203266893 -3.1208085879
27 2.89458716465 0.021608040201 -2.5854198305 -1.79869939038
27 3.40539666429 0.0343718592965 -2.64946313015 -1.3609792887
27 1.70269833214 0.00482412060302 -2.32662822952 -1.81370709762
27 2.72431733143 0.0181909547739 -2.55947246467 -2.56839356221
27 2.89458716465 0.0188442211055 -2.58790701624 -2.37791364812
27 2.72431733143 0.0180904522613 -2.55956752062 -4.97118512678
27 2.383777665 0.0191457286432 -2.4916853887 0.899751138688
27 3.23512683107 0.0295477386935 -2.63025967393 -0.955412405572
27 3.40539666429 0.0273366834171 -2.65499243954 -1.3609792887
28 2.89458716465 0.0223115577889 -2.58478672868 -3.53634216358
28 2.55404749822 0.0156783919598 -2.53018416718 -2.77536739039
28 3.23512683107 0.0327638190955 -2.62762079767 1.75133282234
28 3.23512683107 0.0290452261307 -2.63067199835 -1.49676145115
28 2.89458716465 0.028391959799 -2.57931492006 -1.79869939038
28 2.383777665 0.0183417085427 -2.49253260941 1.5499647976
28 2.55404749822 0.0165326633166 -2.52933265041 -2.15112154222
28 3.06485699786 0.0188944723618 -2.61449498159 0.0362880730678
28 3.5756664975 0.0421105527638 -2.66507535059 -3.26952856601
28 2.04323799857 0.0101005025126 -2.4205617548 0.0307565061715
29 4.08647599715 0.0745226130653 -2.69968886146 -2.29953327006
29 2.383777665 0.0139195979899 -2.49719232329 -1.70110349698
29 3.06485699786 0.0268341708543 -2.60767995951 -1.64223888308
29 2.89458716465 0.013216080402 -2.59297183083 -0.0610566171852
29 3.40539666429 0.031608040201 -2.65163535884 0.737190046039
29 3.91620616393 0.0425125628141 -2.7037035881 -2.92486802369
29 2.21350783179 0.00974874371859 -2.46342553601 -1.21311740614
29 2.383777665 0.0118592964824 -2.49936332634 -1.05088983806
29 2.383777665 0.0175879396985 -2.49332687882 0.249537479772
29 3.5756664975 0.0408542713568 -2.66602286201 -2.25167089572
30 2.72431733143 0.0208542713568 -2.55695348199 -3.16909145335
30 2.89458716465 0.0185929648241 -2.58813312403 -1.79869939038
30 3.5756664975 0.0358793969849 -2.66977500723 -2.25167089572
30 2.383777665 0.0170854271357 -2.49385639176 -1.05088983806
30 2.89458716465 0.0213065326633 -2.58569115986 -1.21948513265
30 3.40539666429 0.0309045226131 -2.65218828978 -2.93460628975
30 2.89458716465 0.0208542713568 -2.58609815389 -0.640270874918
30 2.21350783179 0.0114070351759 -2.46157184994 0.144982481143
30 2.383777665 0.00934673366834 -2.50201089105 -1.70110349698
30 3.06485699786 0.0371859296482 -2.59879455097 -2.20174786847
31 3.23512683107 0.0289447236181 -2.63075446323 -0.955412405572
31 2.55404749822 0.0136180904523 -2.53223782527 -2.15112154222
31 2.55404749822 0.0176381909548 -2.52823068753 -1.52687569406
31 3.5756664975 0.0285427135678 -2.67530847392 -1.23381322543
31 3.74593633072 0.0342713567839 -2.69090598236 -3.09184659738
31 2.383777665 0.0161306532663 -2.49486246635 -1.05088983806
31 2.55404749822 0.0166331658291 -2.52923247196 -1.52687569406
31 3.91620616393 0.0373366834171 -2.70731617215 -5.80945100185
31 2.55404749822 0.0215577889447 -2.52432372823 -0.278383997719
31 3.5756664975 0.0474874371859 -2.66102000171 -2.25167089572
32 3.40539666429 0.0391959798995 -2.64567160371 -1.3609792887
32 3.74593633072 0.031959798995 -2.69258182992 -1.11435051747
32 2.72431733143 0.0126633165829 -2.56470054192 -0.165601997634
32 2.89458716465 0.013567839196 -2.59265527992 0.518157640547
32 3.40539666429 0.0398994974874 -2.64511867278 -4.50823329081
32 1.87296816536 0.0104020100503 -2.37263318384 -0.842804422002
32 2.21350783179 0.01 -2.46314467448 -3.92931718071
32 3.5756664975 0.0467336683417 -2.66158850856 -2.25167089572
32 3.06485699786 0.0262814070352 -2.60815442307 -2.20174786847
32 3.40539666429 0.0412060301508 -2.64409180103 -1.88552162239
33 3.06485699786 0.0267336683417 -2.60776622561 0.0362880730678
33 4.93782516322 0.0948743718593 -2.76401681713 -2.92597443825
33 2.04323799857 0.00904522613065 -2.42181811924 0.0307565061715
33 3.23512683107 0.0273366834171 -2.63207390137 -0.955412405572
33 3.23512683107 0.0356783919598 -2.62522931605 -0.955412405572
33 3.23512683107 0.0340201005025 -2.62658998662 -0.955412405572
33 2.89458716465 0.0145728643216 -2.59175084874 -1.21948513265
33 3.23512683107 0.0281909547739 -2.63137294986 0.127285685593
33 3.74593633072 0.0306030150754 -2.69356547958 -0.619976497492
33 2.55404749822 0.0153768844221 -2.53048470251 -0.278383997719
34 2.04323799857 0.00834170854271 -2.42265569553 0.0307565061715
34 2.21350783179 0.00814070351759 -2.46522304977 -0.534067462499
34 3.06485699786 0.026783919598 -2.60772309256 -2.20174786847
34 4.08647599715 0.0510050251256 -2.71551411269 -3.23553491316
34 3.06485699786 0.0328140703518 -2.60254712642 -1.64223888308
34 2.72431733143 0.0189447236181 -2.55875954504 -1.36699777992
34 3.40539666429 0.0276381909548 -2.65475546914 -1.3609792887
34 3.40539666429 0.024824120603 -2.6569671929 -1.3609792887
34 3.74593633072 0.0423618090452 -2.68504051591 -2.10309855743
34 2.55404749822 0.0136683417085 -2.53218773605 -1.52687569406
35 2.04323799857 0.00758793969849 -2.4235530987 0.0307565061715
35 3.5756664975 0.0353768844221 -2.6701540118 -1.23381322543
35 3.06485699786 0.0330653266332 -2.60233146117 0.0362880730678
35 3.06485699786 0.0224120603015 -2.61147566801 -0.523220912316
35 3.23512683107 0.0353768844221 -2.6254767107 -4.20350667907
35 2.72431733143 0.0190452261307 -2.55866448909 -0.766299888777
35 3.23512683107 0.0286934673367 -2.63096062544 0.127285685593
35 2.383777665 0.0137185929648 -2.49740412846 0.899751138688
35 3.06485699786 0.0154271356784 -2.61747116212 -1.0827298977
35 3.23512683107 0.0345728643216 -2.62613642977 -0.955412405572
36 3.40539666429 0.0208542713568 -2.66008730319 -0.836436955015
36 3.06485699786 0.033567839196 -2.60190013066 -1.64223888308
36 2.04323799857 0.00683417085427 -2.42445050187 -1.39190444883
36 2.21350783179 0.00949748743719 -2.46370639753 -1.89216734978
36 3.23512683107 0.0266331658291 -2.63265115555 -0.955412405572
36 2.72431733143 0.0220100502513 -2.55586033857 -2.56839356221
36 4.25674583036 0.0404522613065 -2.73896648783 -0.338924768565
36 3.5756664975 0.0294974874372 -2.67458836524 -2.25167089572
36 2.383777665 0.00894472361809 -2.5024345014 0.249537479772
36 2.55404749822 0.0111055276382 -2.53474228635 -0.902629845887
37 3.23512683107 0.028040201005 -2.63149664718 0.668634731176
37 2.383777665 0.0131658291457 -2.4979865927 -0.400676179145
37 3.5756664975 0.0349748743719 -2.67045721545 -1.23381322543
37 4.93782516322 0.0640703517588 -2.78159759242 -3.75460712035
37 2.383777665 0.0117587939698 -2.49946922893 -1.05088983806
37 2.89458716465 0.0223618090452 -2.58474150712 -0.0610566171852
37 3.5756664975 0.0338693467337 -2.6712910255 -3.77845740115
37 2.72431733143 0.0195979899497 -2.55814168137 -1.36699777992
37 1.87296816536 0.0091959798995 -2.37416948747 1.40062223933
37 2.89458716465 0.021959798995 -2.58510327959 -4.11555642131
38 2.21350783179 0.0131658291457 -2.45960581926 -0.534067462499
38 3.23512683107 0.0221105527638 -2.6363620753 -1.49676145115
38 1.53242849893 0.00381909547739 -2.26772705845 1.28383283768
38 2.72431733143 0.0129145728643 -2.56446290204 -3.16909145335
38 2.55404749822 0.0143718592965 -2.53148648694 -0.902629845887
38 2.89458716465 0.0193969849246 -2.58740957909 -2.37791364812
38 2.55404749822 0.017135678392 -2.52873157975 -1.52687569406
38 2.55404749822 0.0154773869347 -2.53038452406 -1.52687569406
38 4.08647599715 0.0486934673367 -2.7170695861 -2.29953327006
38 2.89458716465 0.0180904522613 -2.58858533962 -1.21948513265
39 2.55404749822 0.0124120603015 -2.53343996659 -2.15112154222
39 3.74593633072 0.0305527638191 -2.69360191105 -1.60872453745
39 3.40539666429 0.0341708542714 -2.64962111042 -3.45914862344
39 2.383777665 0.0230653266332 -2.48755518777 -1.70110349698
39 3.40539666429 0.0292462311558 -2.65349162699 -1.3609792887
39 3.23512683107 0.0204020100503 -2.63776397832 -2.57945954232
39 4.08647599715 0.0579899497487 -2.71081387782 -1.8315324485
39 3.40539666429 0.0222613065327 -2.65898144132 -1.88552162239
39 4.08647599715 0.051256281407 -2.71534503949 -1.36353162695
39 3.5756664975 0.041256281407 -2.66571965835 -3.26952856601
40 2.55404749822 0.0165829145729 -2.52928256118 -2.77536739039
40 3.23512683107 0.0335175879397 -2.62700231104 0.127285685593
40 2.89458716465 0.0134673366834 -2.59274572303 -0.0610566171852
40 2.04323799857 0.00964824120603 -2.4211001967 -2.10323492633
40 2.21350783179 0.0094472361809 -2.46376256984 -5.96646701163
40 2.383777665 0.0175879396985 -2.49332687882 -1.05088983806
40 1.87296816536 0.00834170854271 -2.37525770255 1.40062223933
40 3.06485699786 0.02 -2.61354605446 -1.64223888308
40 2.89458716465 0.023567839196 -2.58365618971 -0.640270874918
40 3.23512683107 0.0282412060302 -2.63133171742 -2.57945954232
41 2.89458716465 0.0140201005025 -2.59224828589 0.518157640547
41 2.04323799857 0.0127638190955 -2.41739093026 -1.39190444883
41 2.55404749822 0.0221608040201 -2.52372265757 -1.52687569406
41 1.70269833214 0.00889447236181 -2.32105055172 -0.234718040155
41 3.23512683107 0.0247738693467 -2.63417675589 -2.03811049674
41 2.72431733143 0.0216582914573 -2.55619303439 -1.36699777992
41 2.55404749822 0.0215075376884 -2.52437381745 -1.52687569406
41 2.55404749822 0.014472361809 -2.5313863085 -2.77536739039
41 3.23512683107 0.0330653266332 -2.62737340302 0.668634731176
41 3.5756664975 0.0377889447236 -2.66833478987 -0.724884390283
42 2.55404749822 0.0125125628141 -2.53333978815 1.59435354679
42 2.04323799857 0.0100502512563 -2.42062158168 -4.94855683634
42 3.06485699786 0.0243216080402 -2.60983661207 -1.0827298977
42 2.21350783179 0.00964824120603 -2.46353788062 -3.92931718071
42 2.04323799857 0.00748743718593 -2.42367275246 -4.23722635884
42 1.87296816536 0.01 -2.37314528505 -0.842804422002
42 2.55404749822 0.013567839196 -2.53228791449 -0.902629845887
42 2.04323799857 0.00984924623116 -2.42086088919 0.0307565061715
42 2.72431733143 0.0130653266332 -2.56432031812 0.435095893509
42 3.5756664975 0.0354271356784 -2.67011611134 -4.79631507144
43 3.06485699786 0.0294974874372 -2.6053939078 -1.0827298977
43 3.40539666429 0.026432160804 -2.65570335075 -4.50823329081
43 3.23512683107 0.0217085427136 -2.63669193484 -3.1208085879
43 1.02161899929 0.00201005025126 -2.02678776242 1.07004973861
43 2.89458716465 0.0192462311558 -2.58754524377 -0.0610566171852
43 3.06485699786 0.0169849246231 -2.61613403753 -1.64223888308
43 2.21350783179 0.0109045226131 -2.46213357299 0.144982481143
43 2.55404749822 0.0125125628141 -2.53333978815 -2.15112154222
43 3.06485699786 0.0223618090452 -2.61151880106 0.0362880730678
43 3.5756664975 0.0314070351759 -2.67314814789 -1.23381322543
44 4.25674583036 0.0574371859296 -2.72793283028 -3.98693410276
44 3.06485699786 0.0190452261307 -2.61436558243 -1.64223888308
44 2.383777665 0.0125125628141 -2.49867495952 -0.400676179145
44 3.06485699786 0.0269849246231 -2.60755056036 -0.523220912316
44 2.72431733143 0.0247738693467 -2.55324629994 -3.16909145335
44 2.04323799857 0.00824120603015 -2.42277534929 -2.81456540384
44 3.23512683107 0.0392462311558 -2.62230181269 -3.66215763349
44 3.91620616393 0.0345226130653 -2.70928029551 -2.444104194
44 3.91620616393 0.038040201005 -2.70682514131 -1.96334036431
44 2.21350783179 0.00809045226131 -2.46527922208 0.144982481143
45 3.74593633072 0.0226633165829 -2.69932165162 -0.619976497492
45 3.40539666429 0.0320603015075 -2.65127990324 0.737190046039
45 2.21350783179 0.0103015075377 -2.46280764065 -0.534067462499
45 3.06485699786 0.0327638190955 -2.60259025947 -2.20174786847
45 2.55404749822 0.0208040201005 -2.52507506656 -2.15112154222
45 3.06485699786 0.0316582914573 -2.6035391866 -2.20174786847
45 3.06485699786 0.0230150753769 -2.61095807139 0.595797058451
45 2.72431733143 0.0134673366834 -2.56394009432 1.03579378465
45 2.89458716465 0.0170854271357 -2.5894897708 0.518157640547
45 2.383777665 0.0108040201005 -2.50047530352 -0.400676179145
46 3.06485699786 0.0282914572864 -2.60642910103 -3.32076583923
46 2.89458716465 0.0190954773869 -2.58768090845 -1.21948513265
46 3.74593633072 0.0314070351759 -2.69298257608 -1.11435051747
46 2.383777665 0.0118592964824 -2.49936332634 -3.00153081481
46 2.72431733143 0.0183417085427 -2.55932988074 -1.96769567106
46 3.06485699786 0.0308542713568 -2.60422931542 -0.523220912316
46 3.06485699786 0.0297487437186 -2.60517824254 -1.0827298977
46 3.40539666429 0.0222613065327 -2.65898144132 -2.93460628975
46 2.72431733143 0.0220603015075 -2.55581281059 0.435095893509
46 2.04323799857 0.00994974874372 -2.42074123543 -1.39190444883
47 2.04323799857 0.0111557788945 -2.41930539036 -2.10323492633
47 3.23512683107 0.0238693467337 -2.63491893984 0.127285685593
47 3.06485699786 0.0375376884422 -2.59849261962 -1.0827298977
47 2.383777665 0.00894472361809 -2.5024345014 0.249537479772
47 3.5756664975 0.0290452261307 -2.67492946936 -0.724884390283
47 3.91620616393 0.0429648241206 -2.70338792542 -1.96334036431
47 3.06485699786 0.0217085427136 -2.61207953072 1.71481502922
47 2.89458716465 0.0231658291457 -2.58401796218 0.518157640547
47 2.72431733143 0.0138693467337 -2.56355987052 -1.96769567106
47 3.23512683107 0.0150251256281 -2.64217584958 -0.414063359989
48 2.55404749822 0.0201005025126 -2.52577631566 1.59435354679
48 3.74593633072 0.0359296482412 -2.6897037439 -1.11435051747
48 2.383777665 0.013567839196 -2.49756298235 -2.35131715589
48 3.40539666429 0.0336180904523 -2.65005555616 -3.45914862344
48 3.06485699786 0.024824120603 -2.60940528155 -2.20174786847
48 4.59728549679 0.0407537688442 -2.7685283088 -2.34483740476
48 2.21350783179 0.0156281407035 -2.45685337631 -3.25026723706
48 2.72431733143 0.0161809045226 -2.56137358367 -1.36699777992
48 2.04323799857 0.0120603015075 -2.41822850655 -0.68057397133
48 3.06485699786 0.0261809045226 -2.60824068917 -1.0827298977
49 3.06485699786 0.0241206030151 -2.61000914427 -3.88027482462
49 2.55404749822 0.0137688442211 -2.5320875576 -2.15112154222
49 3.06485699786 0.0240201005025 -2.61009541037 -1.64223888308
49 2.21350783179 0.0104020100503 -2.46269529604 -1.21311740614
49 2.383777665 0.011256281407 -2.49999874187 1.5499647976
49 2.383777665 0.0138693467337 -2.49724527458 -3.65174447373
49 3.23512683107 0.0220603015075 -2.63640330774 0.127285685593
49 3.5756664975 0.0294974874372 -2.67458836524 -0.724884390283
49 2.89458716465 0.0134673366834 -2.59274572303 1.67658615601
49 1.87296816536 0.00979899497487 -2.37340133565 -1.59061330911
50 3.06485699786 0.0242211055276 -2.60992287817 0.0362880730678
50 3.06485699786 0.0247738693467 -2.6094484146 -1.0827298977
50 3.06485699786 0.031256281407 -2.60388425101 0.595797058451
50 3.40539666429 0.0331155778894 -2.65045050683 -1.3609792887
50 2.383777665 0.0175376884422 -2.49337983011 -0.400676179145
50 2.89458716465 0.0226130653266 -2.58451539933 -2.37791364812
50 3.06485699786 0.0250753768844 -2.6091896163 0.0362880730678
50 2.89458716465 0.0208040201005 -2.58614337544 -2.37791364812
50 3.06485699786 0.0181909547739 -2.6150988443 1.71481502922
50 2.72431733143 0.0124623115578 -2.56489065382 -1.96769567106
51 1.70269833214 0.00552763819095 -2.32566418645 -1.02421256889
51 2.89458716465 0.0258291457286 -2.58162121956 -2.37791364812
51 3.91620616393 0.0450753768844 -2.7019148329 -4.36715951277
51 3.06485699786 0.0220100502513 -2.61182073242 -2.20174786847
51 3.5756664975 0.0329145728643 -2.67201113418 -1.23381322543
51 2.383777665 0.0193467336683 -2.49147358353 -2.35131715589
51 3.23512683107 0.0269849246231 -2.63236252846 -0.955412405572
51 4.08647599715 0.0645226130653 -2.7064179747 -1.36353162695
51 2.04323799857 0.015175879397 -2.41451924011 -0.68057397133
51 2.383777665 0.00793969849246 -2.50349352728 -3.00153081481
52 2.55404749822 0.0152763819095 -2.53058488095 -2.15112154222
52 2.89458716465 0.0249246231156 -2.58243520762 -2.37791364812
52 2.21350783179 0.011959798995 -2.46095395458 -2.57121729342
52 3.91620616393 0.0458793969849 -2.70135365479 -1.00181270492
52 2.72431733143 0.0154271356784 -2.56208650329 -0.165601997634
52 3.91620616393 0.0339195979899 -2.70970117909 -0.521048875226
52 2.72431733143 0.0241206030151 -2.55386416362 -4.97118512678
52 3.06485699786 0.0310050251256 -2.60409991626 -2.20174786847
52 2.89458716465 0.0217587939698 -2.58528416583 -1.79869939038
52 2.72431733143 0.0166331658291 -2.56094583189 -1.96769567106
53 3.06485699786 0.0248743718593 -2.6093621485 0.0362880730678
53 2.89458716465 0.0157286432161 -2.59071075289 -0.0610566171852
53 2.89458716465 0.0174874371859 -2.58912799833 -1.79869939038
53 3.74593633072 0.0321608040201 -2.69243610405 -0.619976497492
53 2.21350783179 0.0159798994975 -2.45646017017 -0.534067462499
53 2.04323799857 0.00819095477387 -2.42283517616 0.0307565061715
53 2.04323799857 0.00939698492462 -2.42139933109 -0.68057397133
53 1.87296816536 0.00758793969849 -2.37621789232 0.65281335222
53 2.55404749822 0.0165829145729 -2.52928256118 -0.902629845887
53 2.55404749822 0.0146733668342 -2.53118595161 -1.52687569406
54 3.5756664975 0.0385427135678 -2.66776628302 -1.23381322543
54 2.55404749822 0.00809045226131 -2.53774763966 0.34586185045
54 2.89458716465 0.0182914572864 -2.58840445339 -4.11555642131
54 2.72431733143 0.0296984924623 -2.54858855839 -0.165601997634
54 2.72431733143 0.0202010050251 -2.55757134567 -2.56839356221
54 2.72431733143 0.0208542713568 -2.55695348199 -0.165601997634
54 3.23512683107 0.0307035175879 -2.62931132778 -3.66215763349
54 3.40539666429 0.0316582914573 -2.65159586378 -1.3609792887
54 2.55404749822 0.0147236180905 -2.53113586239 0.34586185045
54 3.06485699786 0.0271859296482 -2.60737802815 0.595797058451
55 3.06485699786 0.0197989949749 -2.61371858667 -2.20174786847
55 2.72431733143 0.0237688442211 -2.55419685944 -0.766299888777
55 3.5756664975 0.0435175879397 -2.6640141378 -2.76059973086
55 4.42701566358 0.0398492462312 -2.75467968457 -1.58887857787
55 2.21350783179 0.00773869346734 -2.46567242821 -0.534067462499
55 3.5756664975 0.031256281407 -2.67326184926 -0.724884390283
55 2.89458716465 0.0203015075377 -2.58659559103 -0.0610566171852
55 3.91620616393 0.0617085427136 -2.69030546087 -1.00181270492
55 3.40539666429 0.0352261306533 -2.64879171401 -0.836436955015
55 2.55404749822 0.0223115577889 -2.52357238991 0.34586185045
56 3.06485699786 0.0259296482412 -2.60845635443 0.0362880730678
56 2.72431733143 0.0214572864322 -2.55638314629 1.63649167579
56 3.23512683107 0.0321608040201 -2.62811558697 0.668634731176
56 3.74593633072 0.0365326633166 -2.68926656628 -1.11435051747
56 3.23512683107 0.0223618090452 -2.63615591309 -3.66215763349
56 2.383777665 0.00984924623116 -2.50148137811 -0.400676179145
56 4.76755533 0.0643718592965 -2.76820085525 -0.522435631808
56 3.91620616393 0.0408542713568 -2.70486101794 -0.521048875226
56 1.53242849893 0.00618090452261 -2.26422326064 -1.22949715829
56 3.91620616393 0.0625125628141 -2.68974428277 -0.521048875226
57 2.55404749822 0.0194974874372 -2.52637738632 -0.902629845887
57 2.72431733143 0.0138693467337 -2.56355987052 -1.36699777992
57 3.74593633072 0.0344221105528 -2.69079668796 -0.619976497492
57 2.89458716465 0.0306030150754 -2.57732517147 -2.95712790585
57 3.23512683107 0.026432160804 -2.63281608532 -2.57945954232
57 2.72431733143 0.00964824120603 -2.56755222042 -0.165601997634
57 3.06485699786 0.0262311557789 -2.60819755612 0.595797058451
57 4.42701566358 0.0524120603015 -2.74679155693 -3.36764772798
57 2.04323799857 0.00693467336683 -2.42433084812 0.0307565061715
57 2.383777665 0.0154773869347 -2.49555083317 -1.05088983806
58 3.06485699786 0.0310050251256 -2.60409991626 0.0362880730678
58 3.91620616393 0.0393969849246 -2.70587815326 -2.444104194
58 2.383777665 0.018743718593 -2.49210899906 -3.00153081481
58 2.55404749822 0.0202512562814 -2.525626048 0.970107698619
58 2.21350783179 0.0116582914573 -2.46129098841 1.50308236843
58 2.89458716465 0.0301005025126 -2.57777738706 -2.37791364812
58 3.23512683107 0.025527638191 -2.63355826927 -0.955412405572
58 3.23512683107 0.0226130653266 -2.63594975089 -2.03811049674
58 2.55404749822 0.0223618090452 -2.52352230068 -1.52687569406
58 4.42701566358 0.0536683417085 -2.74600274416 -0.69949400281
59 2.72431733143 0.0130653266332 -2.56432031812 -0.766299888777
59 2.383777665 0.0189447236181 -2.49189719388 -0.400676179145
59 3.06485699786 0.0206532663317 -2.6129853248 -1.0827298977
59 2.383777665 0.0108040201005 -2.50047530352 -3.65174447373
59 3.23512683107 0.0264824120603 -2.63277485288 -4.20350667907
59 3.06485699786 0.0543718592965 -2.58404304749 -0.523220912316
59 3.74593633072 0.0417085427136 -2.685514125 -1.11435051747
59 3.06485699786 0.0256783919598 -2.60867201968 1.15530604384
59 2.89458716465 0.0202010050251 -2.58668603415 -1.79869939038
59 1.70269833214 0.00733668341709 -2.32318521853 -1.81370709762
60 2.21350783179 0.0126633165829 -2.46016754231 -0.534067462499
60 2.89458716465 0.0202010050251 -2.58668603415 -0.640270874918
60 2.89458716465 0.0172361809045 -2.58935410612 -3.53634216358
60 1.36215866572 0.00452261306533 -2.19736413031 1.21863002255
60 2.89458716465 0.0161306532663 -2.59034898042 -0.640270874918
60 3.91620616393 0.0367336683417 -2.70773705573 -3.40563185339
60 2.21350783179 0.0106030150754 -2.46247060682 -1.21311740614
60 3.5756664975 0.0479899497487 -2.66064099714 -1.23381322543
60 2.21350783179 0.00623115577889 -2.46735759737 -0.534067462499
60 3.23512683107 0.0329145728643 -2.62749710034 -0.414063359989
61 2.55404749822 0.0124623115578 -2.53338987737 0.34586185045
61 3.23512683107 0.0263819095477 -2.63285731776 -1.49676145115
61 3.23512683107 0.0246231155779 -2.63430045322 -0.955412405572
61 2.89458716465 0.0218090452261 -2.58523894427 -2.37791364812
61 2.89458716465 0.0268844221106 -2.58067156683 -1.79869939038
61 2.72431733143 0.0213567839196 -2.55647820224 -0.766299888777
61 3.06485699786 0.0258291457286 -2.60854262053 -1.0827298977
61 3.23512683107 0.0293969849246 -2.63038337126 -3.1208085879
61 2.383777665 0.0123618090452 -2.4988338134 -3.00153081481
61 3.06485699786 0.0304020100503 -2.60461751288 1.71481502922
62 2.89458716465 0.0145728643216 -2.59175084874 -2.95712790585
62 2.89458716465 0.0257788944724 -2.58166644112 -1.79869939038
62 1.87296816536 0.00698492462312 -2.37698604414 1.40062223933
62 3.91620616393 0.0489447236181 -2.69921416327 -1.48257653461
62 3.91620616393 0.0297487437186 -2.71261229051 -1.48257653461
62 2.04323799857 0.0106030150754 -2.41996348602 -2.10323492633
62 3.74593633072 0.0360804020101 -2.68959444949 -3.09184659738
62 2.04323799857 0.00894472361809 -2.42193777299 -3.52589588134
62 2.04323799857 0.0111055276382 -2.41936521724 -2.81456540384
62 3.5756664975 0.033567839196 -2.67151842824 -1.74274206057
63 3.06485699786 0.0332663316583 -2.60215892896 -2.20174786847
63 2.89458716465 0.0155778894472 -2.59084641756 -0.640270874918
63 2.72431733143 0.0258793969849 -2.55220068449 -1.36699777992
63 3.23512683107 0.0179899497487 -2.63974313552 -2.57945954232
63 2.04323799857 0.00879396984925 -2.42211725363 -2.10323492633
63 2.89458716465 0.0241708542714 -2.583113531 0.518157640547
63 2.55404749822 0.0184924623116 -2.52737917076 -2.77536739039
63 3.23512683107 0.0262311557789 -2.63298101508 -3.66215763349
63 2.72431733143 0.0217085427136 -2.55614550642 -2.56839356221
63 2.04323799857 0.0125628140704 -2.41763023777 -0.68057397133
64 2.55404749822 0.0168341708543 -2.52903211508 -3.39961323856
64 2.72431733143 0.0185929648241 -2.55909224087 -3.16909145335
64 2.89458716465 0.0249748743719 -2.58238998606 -0.640270874918
64 2.89458716465 0.0234673366834 -2.58374663283 1.09737189828
64 3.74593633072 0.0262311557789 -2.69673501735 -0.619976497492
64 2.21350783179 0.00909547738693 -2.46415577597 -0.534067462499
64 3.5756664975 0.0311055276382 -2.67337555063 -3.26952856601
64 1.70269833214 0.00834170854271 -2.32180801414 -1.02421256889
64 3.74593633072 0.0454271356784 -2.68281819632 -0.619976497492
64 4.42701566358 0.0388944723618 -2.75527918227 -1.14418629034
65 2.383777665 0.0107035175879 -2.50058120611 -0.400676179145
65 2.89458716465 0.021608040201 -2.5854198305 -0.640270874918
65 2.89458716465 0.0227638190955 -2.58437973465 -1.21948513265
65 3.23512683107 0.0468341708543 -2.616075714 -0.955412405572
65 2.89458716465 0.0146733668342 -2.59166040562 -1.21948513265
65 3.5756664975 0.0398994974874 -2.66674297069 -1.23381322543
65 2.21350783179 0.0106532663317 -2.46241443451 -2.57121729342
65 4.08647599715 0.0624623115578 -2.70780437491 -3.23553491316
65 3.74593633072 0.0329145728643 -2.69188963202 -4.57496865732
65 2.21350783179 0.0132663316583 -2.45949347465 -1.21311740614
66 1.87296816536 0.0056783919598 -2.37865037308 -1.59061330911
66 2.55404749822 0.0206030150754 -2.52527542345 -2.77536739039
66 2.89458716465 0.0281909547739 -2.5794958063 -0.640270874918
66 3.23512683107 0.0219095477387 -2.63652700507 -2.03811049674
66 2.55404749822 0.0127638190955 -2.53308934204 0.34586185045
66 3.5756664975 0.0350251256281 -2.670419315 0.292973280007
66 2.21350783179 0.0100502512563 -2.46308850218 -1.21311740614
66 2.21350783179 0.0141708542714 -2.45848237315 -0.534067462499
66 2.383777665 0.0193969849246 -2.49142063223 -1.70110349698
66 3.06485699786 0.0211557788945 -2.61255399429 -2.76125685385
67 3.06485699786 0.0202010050251 -2.61337352226 -2.76125685385
67 1.70269833214 0.00899497487437 -2.32091283128 -3.39269615508
67 3.40539666429 0.0377889447236 -2.64677746559 0.737190046039
67 3.40539666429 0.0408542713568 -2.6443682665 -0.836436955015
67 3.74593633072 0.051256281407 -2.67859214596 -1.11435051747
67 1.87296816536 0.00914572864322 -2.37423350012 1.40062223933
67 4.08647599715 0.0429648241206 -2.72092445499 -0.427529983844
67 3.5756664975 0.0317587939698 -2.67288284469 -2.25167089572
67 3.23512683107 0.0247738693467 -2.63417675589 -2.03811049674
67 2.72431733143 0.0281909547739 -2.55001439764 -0.766299888777
68 2.72431733143 0.0235175879397 -2.55443449932 -0.766299888777
68 3.06485699786 0.0219095477387 -2.61190699852 1.15530604384
68 4.25674583036 0.0586934673367 -2.72711673135 -2.16292943566
68 3.40539666429 0.0400502512563 -2.64500018757 -3.45914862344
68 2.21350783179 0.0149246231156 -2.45763978858 -0.534067462499
68 2.55404749822 0.0134673366834 -2.53238809293 -2.77536739039
68 2.21350783179 0.00954773869347 -2.46365022523 -0.534067462499
68 2.55404749822 0.0139195979899 -2.53193728994 -2.15112154222
68 2.383777665 0.00934673366834 -2.50201089105 -0.400676179145
68 2.04323799857 0.00909547738693 -2.42175829236 -1.39190444883
69 3.40539666429 0.0344221105528 -2.64942363509 -0.311894621331
69 2.21350783179 0.0110552763819 -2.46196505607 -1.21311740614
69 2.04323799857 0.011959798995 -2.41834816031 -0.68057397133
69 4.08647599715 0.0716582914573 -2.70161629591 -2.29953327006
69 2.383777665 0.0165326633166 -2.494438856 0.249537479772
69 2.72431733143 0.0148743718593 -2.56260931102 -4.37048723563
69 4.25674583036 0.0364824120603 -2.74154536045 -1.25092710211
69 2.55404749822 0.0204020100503 -2.52547578033 -0.278383997719
69 2.89458716465 0.0243718592965 -2.58293264477 -1.79869939038
69 2.04323799857 0.0118090452261 -2.41852764094 -1.39190444883
70 2.72431733143 0.0236683417085 -2.55429191539 -2.56839356221
70 2.89458716465 0.0246231155779 -2.58270653697 -1.79869939038
70 3.06485699786 0.0225125628141 -2.61138940191 1.71481502922
70 2.55404749822 0.0105527638191 -2.53529326779 -0.278383997719
70 3.5756664975 0.0387939698492 -2.66757678073 -1.23381322543
70 2.55404749822 0.0175376884422 -2.52833086597 0.34586185045
70 3.40539666429 0.0300502512563 -2.65285970592 -0.311894621331
70 2.55404749822 0.0141708542714 -2.53168684383 -0.902629845887
70 3.74593633072 0.045527638191 -2.68274533339 -1.60872453745
70 3.23512683107 0.0188944723618 -2.63900095157 -0.414063359989
71 2.89458716465 0.022864321608 -2.58428929153 -0.640270874918
71 3.40539666429 0.0390452261307 -2.64579008892 -3.45914862344
71 2.72431733143 0.0122613065327 -2.56508076572 -4.37048723563
71 2.55404749822 0.0160301507538 -2.52983354262 -0.902629845887
71 2.21350783179 0.00974874371859 -2.46342553601 -1.89216734978
71 3.74593633072 0.041256281407 -2.68584200822 -1.60872453745
71 2.383777665 0.0136683417085 -2.49745707976 -2.35131715589
71 3.06485699786 0.0254773869347 -2.60884455189 0.0362880730678
71 3.06485699786 0.034472361809 -2.60112373574 -1.64223888308
71 3.40539666429 0.0462311557789 -2.64014229433 -1.3609792887
72 2.89458716465 0.012864321608 -2.59328838174 -0.640270874918
72 2.21350783179 0.0100502512563 -2.46308850218 0.824032424784
72 2.21350783179 0.0121105527638 -2.46078543767 -1.21311740614
72 4.08647599715 0.0545226130653 -2.71314708793 0.0404708377095
72 3.23512683107 0.0190954773869 -2.6388360218 0.127285685593
72 3.74593633072 0.0442211055276 -2.68369255157 -1.60872453745
72 3.91620616393 0.0270351758794 -2.71450626661 -4.84792334247
72 2.21350783179 0.0123618090452 -2.46050457614 -1.89216734978
72 3.06485699786 0.0256783919598 -2.60867201968 1.15530604384
72 3.74593633072 0.0335175879397 -2.69145245439 -1.11435051747
73 3.06485699786 0.0217085427136 -2.61207953072 -0.523220912316
73 2.72431733143 0.0212060301508 -2.55662078617 -1.36699777992
73 2.21350783179 0.0070351758794 -2.46645884048 0.144982481143
73 1.53242849893 0.0051256281407 -2.26578878732 -0.391720492966
73 2.55404749822 0.0114572864322 -2.5343916618 -0.278383997719
73 2.72431733143 0.0277386934673 -2.55044214942 -1.36699777992
73 2.55404749822 0.0247236180905 -2.52116810726 -2.15112154222
73 2.72431733143 0.0164824120603 -2.56108841582 -1.96769567106
73 3.74593633072 0.0371859296482 -2.68879295718 -2.59747257741
73 3.23512683107 0.0263819095477 -2.63285731776 -2.03811049674
74 3.91620616393 0.0403015075377 -2.70524682789 -5.80945100185
74 3.23512683107 0.0240201005025 -2.63479524252 -2.57945954232
74 3.23512683107 0.0262311557789 -2.63298101508 -2.57945954232
74 3.74593633072 0.0531155778894 -2.67724418162 -2.10309855743
74 3.91620616393 0.036432160804 -2.70794749752 -0.521048875226
74 2.21350783179 0.0145226130653 -2.45808916702 -1.89216734978
74 3.06485699786 0.0196984924623 -2.61380485277 -2.76125685385
74 1.70269833214 0.00778894472362 -2.32256547655 1.34427101731
74 2.04323799857 0.0122110552764 -2.41804902592 -4.23722635884
74 3.06485699786 0.0238190954774 -2.61026794258 -1.0827298977
75 2.72431733143 0.0188944723618 -2.55880707302 -1.36699777992
75 2.72431733143 0.0127638190955 -2.56460548597 -0.766299888777
75 2.72431733143 0.0270854271357 -2.55106001309 -0.766299888777
75 3.40539666429 0.0318090452261 -2.65147737857 -1.88552162239
75 2.89458716465 0.0128140703518 -2.5933336033 -1.79869939038
75 3.23512683107 0.0193969849246 -2.63858862715 -3.1208085879
75 2.89458716465 0.0266834170854 -2.58085245306 -0.0610566171852
75 3.40539666429 0.033567839196 -2.65009505123 0.212647712354
75 2.72431733143 0.0236683417085 -2.55429191539 -1.36699777992
75 2.55404749822 0.0224623115578 -2.52342212224 -1.52687569406
76 3.74593633072 0.0362814070352 -2.68944872362 -0.619976497492
76 2.55404749822 0.0168341708543 -2.52903211508 -2.15112154222
76 2.55404749822 0.0217587939698 -2.52412337135 0.34586185045
76 2.55404749822 0.0130653266332 -2.53278880671 -1.52687569406
76 3.91620616393 0.0476381909548 -2.70012607769 -2.444104194
76 2.383777665 0.0200502512563 -2.49073226541 -2.35131715589
76 3.40539666429 0.0338693467337 -2.64985808082 -0.311894621331
76 4.42701566358 0.0468844221106 -2.75026233309 -0.69949400281
76 1.53242849893 0.00597989949749 -2.2645214562 1.28383283768
76 2.89458716465 0.026432160804 -2.58107856086 -0.0610566171852
77 2.72431733143 0.0185929648241 -2.55909224087 1.63649167579
77 2.72431733143 0.0184924623116 -2.55918729682 -1.96769567106
77 2.55404749822 0.0139698492462 -2.53188720072 -0.278383997719
77 3.23512683107 0.0193467336683 -2.63862985959 0.668634731176
77 4.08647599715 0.0413065326633 -2.72204033809 -2.76753409161
77 2.21350783179 0.0100502512563 -2.46308850218 -0.534067462499
77 3.5756664975 0.0423115577889 -2.66492374876 -1.23381322543
77 1.87296816536 0.00582914572864 -2.37845833512 -3.08623108333
77 2.72431733143 0.0235175879397 -2.55443449932 -0.165601997634
77 1.87296816536 0.00894472361809 -2.37448955073 -3.83403997045
78 3.74593633072 0.0219095477387 -2.69986812365 -0.619976497492
78 3.06485699786 0.0380904522613 -2.59801815605 1.71481502922
78 2.04323799857 0.0107035175879 -2.41984383226 -1.39190444883
78 4.08647599715 0.0525628140704 -2.71446585887 -2.76753409161
78 2.72431733143 0.0163819095477 -2.56118347177 -1.96769567106
78 2.21350783179 0.0119095477387 -2.46101012689 -1.21311740614
78 3.91620616393 0.0411557788945 -2.70465057616 -2.444104194
78 2.72431733143 0.0226130653266 -2.55529000287 -0.165601997634
78 2.04323799857 0.00949748743719 -2.42127967733 0.0307565061715
78 3.23512683107 0.0289447236181 -2.63075446323 -0.955412405572
79 3.23512683107 0.0310552763819 -2.62902270068 -2.57945954232
79 2.04323799857 0.0147236180905 -2.41505768201 0.0307565061715
79 2.89458716465 0.0129648241206 -2.59319793862 0.518157640547
79 3.23512683107 0.0343718592965 -2.62630135953 -0.955412405572
79 2.72431733143 0.0175879396985 -2.56004280037 1.63649167579
79 3.40539666429 0.0276381909548 -2.65475546914 -2.93460628975
79 2.383777665 0.00804020100503 -2.50338762469 -0.400676179145
79 3.06485699786 0.0234673366834 -2.61056987393 -2.20174786847
79 2.21350783179 0.0086432160804 -2.46466132672 -0.534067462499
79 2.21350783179 0.012864321608 -2.45994285309 -0.534067462499
80 3.5756664975 0.0268341708543 -2.67659708945 -3.26952856601
80 2.55404749822 0.0133668341709 -2.53248827138 -1.52687569406
80 2.21350783179 0.01 -2.46314467448 -1.89216734978
80 2.55404749822 0.0169346733668 -2.52893193663 0.34586185045
80 1.87296816536 0.0103015075377 -2.37276120914 -0.842804422002
80 2.21350783179 0.0114572864322 -2.46151567763 0.144982481143
80 3.06485699786 0.0213567839196 -2.61238146208 -0.523220912316
80 2.55404749822 0.0160804020101 -2.5297834534 0.970107698619
80 4.08647599715 0.0414572864322 -2.72193889417 0.0404708377095
80 3.06485699786 0.0225125628141 -2.61138940191 0.0362880730678
81 3.23512683107 0.0322613065327 -2.62803312208 0.668634731176
81 1.87296816536 0.00748743718593 -2.37634591762 -0.0949955348905
81 3.5756664975 0.0313567839196 -2.67318604834 0.292973280007
81 3.06485699786 0.0234673366834 -2.61056987393 -0.523220912316
81 3.40539666429 0.0220100502513 -2.65917891665 0.212647712354
81 2.383777665 0.0115075376884 -2.4997339854 -0.400676179145
81 1.87296816536 0.0101507537688 -2.37295324709 -0.0949955348905
81 3.23512683107 0.02 -2.63809383785 -0.414063359989
81 2.383777665 0.0108542713568 -2.50042235223 0.249537479772
81 2.72431733143 0.0189949748744 -2.55871201707 -1.36699777992
82 3.06485699786 0.0294472361809 -2.60543704085 -3.32076583923
82 2.04323799857 0.0107035175879 -2.41984383226 -2.10323492633
82 2.21350783179 0.0163819095477 -2.45601079173 -1.21311740614
82 2.383777665 0.0137688442211 -2.49735117717 -0.400676179145
82 2.04323799857 0.0094472361809 -2.42133950421 1.45341746118
82 3.23512683107 0.0222110552764 -2.63627961042 -3.1208085879
82 2.21350783179 0.0126130653266 -2.46022371461 -0.534067462499
82 3.91620616393 0.0428140703518 -2.70349314632 -2.92486802369
82 3.91620616393 0.0538190954774 -2.69581202102 -2.444104194
82 3.23512683107 0.0187939698492 -2.63908341645 -0.414063359989
83 2.55404749822 0.0137185929648 -2.53213764682 -1.52687569406
83 2.55404749822 0.0145226130653 -2.53133621928 -0.902629845887
83 3.74593633072 0.0363316582915 -2.68941229215 -1.11435051747
83 2.89458716465 0.0213065326633 -2.58569115986 -3.53634216358
83 3.74593633072 0.0372864321608 -2.68872009425 -0.619976497492
83 2.55404749822 0.0125628140704 -2.53328969892 0.34586185045
83 3.06485699786 0.0204020100503 -2.61320099005 -1.0827298977
83 3.5756664975 0.037135678392 -2.66882749581 -1.23381322543
83 2.89458716465 0.0205527638191 -2.58636948324 -2.95712790585
83 1.87296816536 0.00497487437186 -2.3795465502 -0.0949955348905
84 1.87296816536 0.00884422110553 -2.37461757603 1.40062223933
84 3.23512683107 0.0266834170854 -2.63260992311 -1.49676145115
84 3.5756664975 0.0442713567839 -2.66344563094 -2.25167089572
84 2.72431733143 0.0136683417085 -2.56374998242 -0.165601997634
84 3.23512683107 0.0207537688442 -2.63747535123 1.75133282234
84 2.55404749822 0.0154271356784 -2.53043461328 -2.15112154222
84 2.89458716465 0.0142211055276 -2.59206739965 -0.640270874918
84 2.55404749822 0.0175376884422 -2.52833086597 -0.278383997719
84 3.40539666429 0.0265829145729 -2.65558486555 0.737190046039
84 2.383777665 0.011256281407 -2.49999874187 0.249537479772
85 2.72431733143 0.0207537688442 -2.55704853794 0.435095893509
85 2.04323799857 0.00688442211055 -2.42439067499 0.0307565061715
85 3.23512683107 0.0308542713568 -2.62918763045 -0.955412405572
85 3.74593633072 0.0363819095477 -2.68937586068 -2.10309855743
85 3.06485699786 0.0239698492462 -2.61013854342 -1.64223888308
85 2.04323799857 0.00894472361809 -2.42193777299 0.0307565061715
85 3.74593633072 0.043567839196 -2.68416616066 -1.60872453745
85 2.72431733143 0.0146733668342 -2.56279942292 -0.766299888777
85 2.21350783179 0.00914572864322 -2.46409960367 -0.534067462499
85 2.72431733143 0.0258291457286 -2.55224821247 -1.36699777992
86 3.91620616393 0.0473366834171 -2.70033651948 -2.444104194
86 2.04323799857 0.01 -2.42068140855 -1.39190444883
86 2.72431733143 0.0175879396985 -2.56004280037 -2.56839356221
86 3.06485699786 0.0170854271357 -2.61604777143 -0.523220912316
86 2.89458716465 0.0215075376884 -2.58551027362 -0.0610566171852
86 3.91620616393 0.0296984924623 -2.71264736414 -1.00181270492
86 4.08647599715 0.0364824120603 -2.72528654347 0.508471659263
86 2.383777665 0.0152763819095 -2.49576263835 -1.05088983806
86 3.40539666429 0.0243718592965 -2.6573226485 0.737190046039
86 3.74593633072 0.0465326633166 -2.68201670401 0.368771542465
87 3.5756664975 0.0271859296482 -2.67633178626 -0.724884390283
87 2.04323799857 0.00989949748744 -2.42080106231 1.45341746118
87 2.72431733143 0.0204020100503 -2.55738123377 -0.165601997634
87 2.55404749822 0.019648241206 -2.52622711866 -2.15112154222
87 2.383777665 0.0117587939698 -2.49946922893 -0.400676179145
87 2.383777665 0.00929648241206 -2.50206384234 -0.400676179145
87 3.23512683107 0.0290954773869 -2.63063076591 -1.49676145115
87 1.87296816536 0.00974874371859 -2.37346534831 -3.08623108333
87 3.06485699786 0.0268341708543 -2.60767995951 -2.76125685385
87 3.06485699786 0.026783919598 -2.60772309256 -1.64223888308
88 2.89458716465 0.0178894472362 -2.58876622586 -0.0610566171852
88 2.89458716465 0.0186934673367 -2.58804268092 -2.37791364812
88 3.23512683107 0.0269346733668 -2.6324037609 -0.955412405572
88 2.89458716465 0.0147236180905 -2.59161518406 -0.640270874918
88 2.72431733143 0.0246733668342 -2.55334135589 -0.165601997634
88 1.87296816536 0.0112060301508 -2.37160898141 -2.33842219622
88 3.06485699786 0.0281407035176 -2.60655850018 -1.64223888308
88 2.21350783179 0.00904522613065 -2.46421194828 -0.534067462499
88 2.72431733143 0.0117587939698 -2.56555604547 -1.96769567106
88 3.23512683107 0.0424120603015 -2.61970416887 -2.57945954232
89 3.40539666429 0.0321608040201 -2.6512009131 -1.3609792887
89 2.21350783179 0.00653266331658 -2.46702056354 0.144982481143
89 4.59728549679 0.0659798994975 -2.75320102459 -3.21285936052
89 2.383777665 0.0156783919598 -2.495339028 0.249537479772
89 3.74593633072 0.0270854271357 -2.69611568238 0.368771542465
89 2.04323799857 0.0113567839196 -2.41906608285 0.742086983673
89 1.87296816536 0.00552763819095 -2.37884241103 -0.842804422002
89 3.06485699786 0.030351758794 -2.60466064593 -3.32076583923
89 2.89458716465 0.0238693467337 -2.58338486036 -1.79869939038
89 3.06485699786 0.0203015075377 -2.61328725616 -2.76125685385
90 3.06485699786 0.0298994974874 -2.60504884339 -1.64223888308
90 3.23512683107 0.023567839196 -2.63516633449 -1.49676145115
90 2.383777665 0.0117587939698 -2.49946922893 -1.05088983806
90 3.74593633072 0.0364824120603 -2.68930299774 0.368771542465
90 1.1918888325 0.0021608040201 -2.12101068791 -0.778200051239
90 3.06485699786 0.0282412060302 -2.60647223408 -4.43978381
90 2.21350783179 0.0158291457286 -2.45662868709 -1.21311740614
90 3.91620616393 0.0411055276382 -2.70468564979 -1.96334036431
90 3.06485699786 0.0294974874372 -2.6053939078 0.595797058451
90 3.06485699786 0.0292964824121 -2.60556644 -1.0827298977
91 3.74593633072 0.0311557788945 -2.69316473342 1.35751958242
91 2.55404749822 0.0172864321608 -2.52858131208 0.34586185045
91 2.89458716465 0.0347738693467 -2.57357178209 -1.21948513265
91 4.08647599715 0.0593467336683 -2.70990088255 -4.17153655627
91 2.72431733143 0.0157788944724 -2.56175380747 -0.165601997634
91 2.04323799857 0.00778894472362 -2.42331379119 0.742086983673
91 2.21350783179 0.012864321608 -2.45994285309 -0.534067462499
91 4.25674583036 0.0384422110553 -2.74027224611 -3.53093293598
91 2.89458716465 0.0197487437186 -2.58709302818 1.67658615601
91 2.89458716465 0.0168844221106 -2.58967065703 0.518157640547
92 3.74593633072 0.0453266331658 -2.68289105926 0.863145562443
92 3.40539666429 0.0238693467337 -2.65771759917 0.212647712354
92 3.91620616393 0.0456281407035 -2.70152902295 -2.92486802369
92 2.55404749822 0.0117085427136 -2.53414121569 1.59435354679
92 3.5756664975 0.0487939698492 -2.66003458983 -1.74274206057
92 2.72431733143 0.0233165829146 -2.55462461122 -2.56839356221
92 3.23512683107 0.0284422110553 -2.63116678765 -2.57945954232
92 2.383777665 0.0114572864322 -2.4997869367 -2.35131715589
92 2.383777665 0.0148743718593 -2.4961862487 0.249537479772
92 2.21350783179 0.0104522613065 -2.46263912373 -0.534067462499
93 2.72431733143 0.0116582914573 -2.56565110142 -2.56839356221
93 2.89458716465 0.0165829145729 -2.58994198639 0.518157640547
93 2.383777665 0.0160301507538 -2.49496836894 -3.00153081481
93 3.23512683107 0.031256281407 -2.62885777092 0.127285685593
93 3.06485699786 0.0204522613065 -2.613157857 -2.20174786847
93 4.42701566358 0.0391959798995 -2.75508986721 -3.81234001551
93 3.5756664975 0.0402010050251 -2.66651556794 -2.76059973086
93 3.06485699786 0.0331155778894 -2.60228832812 -1.0827298977
93 3.74593633072 0.0373869346734 -2.68864723131 -2.10309855743
93 2.72431733143 0.0121608040201 -2.56517582167 1.63649167579
94 2.89458716465 0.0215577889447 -2.58546505206 1.09737189828
94 3.5756664975 0.0352261306533 -2.67026771317 -1.23381322543
94 3.23512683107 0.0307035175879 -2.62931132778 0.127285685593
94 2.72431733143 0.0205527638191 -2.55723864984 -0.165601997634
94 3.5756664975 0.0523618090452 -2.6573436574 -1.23381322543
94 2.55404749822 0.0202512562814 -2.525626048 -0.902629845887
94 2.04323799857 0.00673366834171 -2.42457015563 -2.10323492633
94 2.21350783179 0.0139195979899 -2.45876323468 -1.21311740614
94 2.55404749822 0.0193467336683 -2.52652765399 -0.278383997719
94 3.5756664975 0.0273366834171 -2.67621808489 0.292973280007
95 2.21350783179 0.00793969849246 -2.46544773899 0.144982481143
95 3.06485699786 0.0291959798995 -2.60565270611 0.0362880730678
95 3.5756664975 0.042864321608 -2.66450684373 0.292973280007
95 2.72431733143 0.0189447236181 -2.55875954504 -4.37048723563
95 3.23512683107 0.023567839196 -2.63516633449 0.668634731176
95 3.91620616393 0.0569346733668 -2.69363745586 0.440478784161
95 3.06485699786 0.0270351758794 -2.6075074273 0.0362880730678
95 2.55404749822 0.011959798995 -2.53389076958 -2.15112154222
95 3.5756664975 0.0522110552764 -2.65745735877 -1.23381322543
95 2.55404749822 0.0166331658291 -2.52923247196 -3.39961323856
96 3.40539666429 0.0365829145729 -2.6477253472 -1.3609792887
96 1.53242849893 0.00452261306533 -2.26668337399 -1.22949715829
96 2.72431733143 0.0193467336683 -2.55837932124 -1.96769567106
96 4.25674583036 0.0495979899497 -2.73302528761 -1.70692826889
96 3.23512683107 0.0269849246231 -2.63236252846 -1.49676145115
96 2.383777665 0.0146733668342 -2.49639805388 0.249537479772
96 2.72431733143 0.0243718592965 -2.55362652374 -3.76978934449
96 3.74593633072 0.0393969849246 -2.68718997256 -2.59747257741
96 2.55404749822 0.0147236180905 -2.53113586239 -1.52687569406
96 2.55404749822 0.0285427135678 -2.51736132641 -0.902629845887
97 3.23512683107 0.0321608040201 -2.62811558697 -0.414063359989
97 3.06485699786 0.0321105527638 -2.60315098914 -1.64223888308
97 1.87296816536 0.00994974874372 -2.3732092977 -0.842804422002
97 2.89458716465 0.0233668341709 -2.58383707594 -3.53634216358
97 2.55404749822 0.0183417085427 -2.52752943842 -2.77536739039
97 2.383777665 0.0142713567839 -2.49682166423 -0.400676179145
97 3.91620616393 0.0566331658291 -2.69384789765 -2.444104194
97 3.06485699786 0.0316582914573 -2.6035391866 0.0362880730678
97 2.89458716465 0.0184924623116 -2.58822356715 1.67658615601
97 2.72431733143 0.015175879397 -2.56232414317 -0.165601997634
98 2.383777665 0.0142713567839 -2.49682166423 -0.400676179145
98 1.53242849893 0.00391959798995 -2.26757796067 -3.74282715426
98 3.06485699786 0.0236683417085 -2.61039734173 0.0362880730678
98 2.72431733143 0.0172864321608 -2.56032796822 0.435095893509
98 2.55404749822 0.0164824120603 -2.52938273963 -0.278383997719
98 3.91620616393 0.0438190954774 -2.70279167369 -1.00181270492
98 2.72431733143 0.0169849246231 -2.56061313607 -2.56839356221
98 3.40539666429 0.027135678392 -2.65515041981 -1.88552162239
98 2.55404749822 0.0168341708543 -2.52903211508 -1.52687569406
98 3.23512683107 0.0312060301508 -2.62889900336 -0.955412405572
99 3.06485699786 0.0176381909548 -2.61557330787 -1.64223888308
99 3.40539666429 0.0270854271357 -2.65518991488 -2.41006395607
99 3.06485699786 0.0142713567839 -2.61846322229 -0.523220912316
99 3.5756664975 0.0356281407035 -2.66996450951 -3.26952856601
99 1.87296816536 0.00753768844221 -2.37628190497 -2.33842219622
99 3.23512683107 0.0215075376884 -2.6368568646 -0.955412405572
99 2.89458716465 0.0233668341709 -2.58383707594 -0.0610566171852
99 2.89458716465 0.0173869346734 -2.58921844145 -0.0610566171852
99 2.383777665 0.011256281407 -2.49999874187 -0.400676179145
99 2.72431733143 0.0147236180905 -2.56275189494 0.435095893509
100 2.89458716465 0.0244221105528 -2.58288742321 -1.79869939038
100 2.89458716465 0.0245728643216 -2.58275175853 -2.37791364812
100 2.04323799857 0.00542713567839 -2.42612565446 -1.39190444883
100 2.89458716465 0.0169849246231 -2.58958021392 -1.79869939038
100 2.72431733143 0.0195979899497 -2.55814168137 -4.37048723563
100 3.40539666429 0.041256281407 -2.64405230597 -1.3609792887
100 2.55404749822 0.0185427135678 -2.52732908154 -1.52687569406
100 2.72431733143 0.0153266331658 -2.56218155924 -1.36699777992
100 3.40539666429 0.0220603015075 -2.65913942159 0.212647712354
100 4.76755533 0.0526130653266 -2.77512184903 0.325368159352
