1 4.59728549679 0.0598492462312 -2.7569259821 -4.94890327205
1 3.91620616393 0.0503015075377 -2.69826717522 -3.40563185339
1 4.25674583036 0.0465829145729 -2.73498392504 -1.70692826889
1 2.89458716465 0.0215577889447 -2.58546505206 -2.95712790585
1 3.5756664975 0.0345226130653 -2.67079831956 -2.76059973086
1 4.08647599715 0.0475376884422 -2.71784732281 -3.23553491316
1 3.40539666429 0.0340703517588 -2.64970010056 -2.93460628975
1 1.87296816536 0.0107035175879 -2.37224910793 -2.33842219622
1 2.55404749822 0.0200502512563 -2.52582640488 -1.52687569406
1 2.89458716465 0.0141206030151 -2.59215784277 -2.37791364812
2 3.06485699786 0.0263316582915 -2.60811129002 -4.43978381
2 2.72431733143 0.018743718593 -2.55894965694 -3.76978934449
2 2.89458716465 0.0245728643216 -2.58275175853 -2.37791364812
2 3.40539666429 0.0302010050251 -2.65274122072 -2.41006395607
2 2.89458716465 0.0225125628141 -2.58460584244 -2.37791364812
2 3.06485699786 0.0226130653266 -2.6113031358 -1.0827298977
2 2.383777665 0.014824120603 -2.49623919999 -2.35131715589
2 4.25674583036 0.0607035175879 -2.72581097306 -5.35493760308
2 4.76755533 0.0797487437186 -2.75915032493 -2.64194510971
2 3.06485699786 0.0197989949749 -2.61371858667 -1.64223888308
3 2.04323799857 0.00829145728643 -2.42271552241 0.0307565061715
3 2.72431733143 0.0146231155779 -2.56284695089 -1.96769567106
3 2.72431733143 0.0302512562814 -2.54806575067 -4.97118512678
3 1.87296816536 0.010351758794 -2.37269719649 -1.59061330911
3 2.72431733143 0.0217587939698 -2.55609797844 -2.56839356221
3 2.383777665 0.0159296482412 -2.49507427152 -0.400676179145
3 2.89458716465 0.017135678392 -2.58944454924 -3.53634216358
3 4.42701566358 0.0607035175879 -2.74158539268 -6.03580145315
3 2.55404749822 0.022864321608 -2.52302140847 -3.39961323856
3 3.06485699786 0.0202010050251 -2.61337352226 -2.76125685385
4 2.21350783179 0.0138693467337 -2.45881940699 -2.57121729342
4 2.21350783179 0.0164824120603 -2.45589844712 -3.25026723706
4 3.23512683107 0.031608040201 -2.62856914383 -5.28620477023
4 2.55404749822 0.0174874371859 -2.52838095519 -2.77536739039
4 2.383777665 0.0134170854271 -2.49772183623 -0.400676179145
4 2.89458716465 0.0172864321608 -2.58930888456 -3.53634216358
4 2.04323799857 0.00673366834171 -2.42457015563 -2.10323492633
4 2.21350783179 0.0123618090452 -2.46050457614 -1.21311740614
4 3.23512683107 0.0249246231156 -2.63405305857 -3.66215763349
4 3.23512683107 0.026432160804 -2.63281608532 0.127285685593
5 3.40539666429 0.0345226130653 -2.64934464495 -0.311894621331
5 2.89458716465 0.0190954773869 -2.58768090845 -2.95712790585
5 1.1918888325 0.00251256281407 -2.1203835831 0.184786332983
5 3.40539666429 0.0410552763819 -2.64421028623 -3.98369095712
5 2.89458716465 0.0229145728643 -2.58424406997 -4.69477067905
5 2.89458716465 0.0223618090452 -2.58474150712 -0.0610566171852
5 3.23512683107 0.034472361809 -2.62621889465 -2.57945954232
5 2.55404749822 0.0195477386935 -2.5263272971 -0.278383997719
5 1.87296816536 0.00668341708543 -2.37737012005 0.65281335222
5 3.06485699786 0.0283417085427 -2.60638596797 -2.20174786847
6 2.72431733143 0.0190954773869 -2.55861696112 -1.36699777992
6 2.383777665 0.0204522613065 -2.49030865506 -3.65174447373
6 2.383777665 0.0204020100503 -2.49036160635 -1.70110349698
6 4.25674583036 0.0846231155779 -2.71027244942 -0.338924768565
6 2.55404749822 0.0209045226131 -2.52497488811 -3.39961323856
6 2.55404749822 0.0184924623116 -2.52737917076 -1.52687569406
6 2.72431733143 0.0174874371859 -2.56013785632 -3.76978934449
6 3.23512683107 0.0355778894472 -2.62531178093 -2.57945954232
6 2.72431733143 0.0161809045226 -2.56137358367 -1.96769567106
6 4.42701566358 0.0547738693467 -2.74530858893 -4.25703230303
7 3.74593633072 0.0347738693467 -2.69054166768 -1.11435051747
7 2.89458716465 0.0194472361809 -2.58736435753 -1.21948513265
7 2.72431733143 0.0148743718593 -2.56260931102 -1.96769567106
7 2.21350783179 0.013216080402 -2.45954964695 -1.89216734978
7 2.55404749822 0.0177889447236 -2.52808041986 -3.39961323856
7 2.55404749822 0.0150251256281 -2.53083532706 -2.77536739039
7 1.53242849893 0.00824120603015 -2.26116675617 -2.90505048894
7 2.55404749822 0.0151256281407 -2.53073514862 -2.15112154222
7 2.89458716465 0.0198994974874 -2.5869573635 -2.95712790585
7 2.89458716465 0.0228140703518 -2.58433451309 -1.21948513265
8 2.55404749822 0.0150251256281 -2.53083532706 -1.52687569406
8 2.89458716465 0.0198492462312 -2.58700258506 -4.11555642131
8 3.23512683107 0.0330653266332 -2.62737340302 -0.414063359989
8 2.04323799857 0.0118090452261 -2.41852764094 -2.81456540384
8 2.04323799857 0.00899497487437 -2.42187794611 -2.81456540384
8 3.74593633072 0.0501507537688 -2.67939363827 -5.56371669728
8 2.55404749822 0.0177386934673 -2.52813050908 -1.52687569406
8 3.5756664975 0.0479396984925 -2.6606788976 -2.25167089572
8 2.89458716465 0.0229648241206 -2.58419884842 -3.53634216358
8 2.21350783179 0.0159296482412 -2.45651634248 -1.89216734978
9 3.40539666429 0.0329648241206 -2.65056899203 0.737190046039
9 3.23512683107 0.0317085427136 -2.62848667894 -3.66215763349
9 1.36215866572 0.0035175879397 -2.19899078582 -0.570632936636
9 2.383777665 0.0129648241206 -2.49819839788 -0.400676179145
9 3.40539666429 0.0328140703518 -2.65068747723 -3.45914862344
9 1.36215866572 0.0035175879397 -2.19899078582 -0.570632936636
9 2.89458716465 0.0198492462312 -2.58700258506 -2.95712790585
9 2.72431733143 0.021608040201 -2.55624056237 -3.16909145335
9 3.5756664975 0.039648241206 -2.66693247297 -2.25167089572
9 3.91620616393 0.0408040201005 -2.70489609158 -2.444104194
10 2.383777665 0.0169346733668 -2.49401524564 -3.00153081481
10 3.40539666429 0.0388442211055 -2.64594806918 -2.93460628975
10 3.5756664975 0.0322110552764 -2.67254174058 -2.76059973086
10 2.72431733143 0.0110552763819 -2.56622143712 -3.76978934449
10 1.70269833214 0.00673366834171 -2.32401154117 -1.02421256889
10 2.55404749822 0.0162814070352 -2.52958309652 -5.27235078307
10 2.21350783179 0.0171859296482 -2.45511203485 -2.57121729342
10 1.53242849893 0.00467336683417 -2.26645972733 -2.06727382361
10 2.04323799857 0.0114070351759 -2.41900625597 -2.81456540384
10 2.383777665 0.0125125628141 -2.49867495952 -0.400676179145
11 3.06485699786 0.0177889447236 -2.61544390871 -1.64223888308
11 1.70269833214 0.00587939698492 -2.32518216491 0.554776488577
11 2.89458716465 0.025175879397 -2.58220909983 -2.37791364812
11 2.21350783179 0.0102512562814 -2.46286381296 -0.534067462499
11 2.04323799857 0.0132663316583 -2.41679266148 -2.81456540384
11 3.23512683107 0.0312060301508 -2.62889900336 -4.74485572465
11 3.40539666429 0.0262311557789 -2.65586133102 -2.41006395607
11 2.383777665 0.010351758794 -2.50095186517 -1.70110349698
11 2.89458716465 0.0241206030151 -2.58315875256 -3.53634216358
11 2.55404749822 0.0126130653266 -2.5332396097 -0.902629845887
12 2.72431733143 0.0168844221106 -2.56070819202 -2.56839356221
12 2.72431733143 0.0250251256281 -2.55300866007 -2.56839356221
12 1.70269833214 0.0104522613065 -2.3189158849 -1.81370709762
12 3.06485699786 0.0200502512563 -2.61350292141 -2.20174786847
12 2.55404749822 0.0188442211055 -2.52702854621 -2.77536739039
12 3.23512683107 0.0206532663317 -2.63755781611 0.127285685593
12 2.72431733143 0.021959798995 -2.55590786654 -0.766299888777
12 2.89458716465 0.0195477386935 -2.58727391442 -1.79869939038
12 3.5756664975 0.0422613065327 -2.66496164922 -3.77845740115
12 3.74593633072 0.0391457286432 -2.68737212991 -2.59747257741
13 2.04323799857 0.0121105527638 -2.41816867967 -0.68057397133
13 3.06485699786 0.0187939698492 -2.61458124769 -2.20174786847
13 1.70269833214 0.00592964824121 -2.32511330469 -1.81370709762
13 2.72431733143 0.0194974874372 -2.55823673732 0.435095893509
13 2.55404749822 0.0173366834171 -2.52853122286 -2.77536739039
13 1.53242849893 0.00442211055276 -2.26683247177 -2.06727382361
13 2.55404749822 0.0111055276382 -2.53474228635 -0.902629845887
13 2.21350783179 0.0121608040201 -2.46072926536 -1.89216734978
13 2.383777665 0.0149748743719 -2.49608034611 -3.65174447373
13 2.89458716465 0.0241206030151 -2.58315875256 -2.37791364812
14 1.70269833214 0.00814070351759 -2.32208345502 -2.60320162635
14 2.72431733143 0.0208040201005 -2.55700100997 0.435095893509
14 3.40539666429 0.0298492462312 -2.65301768619 -2.41006395607
14 1.36215866572 0.00402010050251 -2.19817745806 1.21863002255
14 3.40539666429 0.0261306532663 -2.65594032115 -0.836436955015
14 2.55404749822 0.0123618090452 -2.53349005581 -0.278383997719
14 1.70269833214 0.0056783919598 -2.32545760579 -1.81370709762
14 1.87296816536 0.0134673366834 -2.3687284121 -3.08623108333
14 3.5756664975 0.0404020100503 -2.66636396612 -1.23381322543
14 2.383777665 0.0171859296482 -2.49375048917 -2.35131715589
15 1.53242849893 0.00542713567839 -2.26534149398 -2.90505048894
15 3.74593633072 0.0531155778894 -2.67724418162 -4.08059463734
15 3.23512683107 0.0224623115578 -2.63607344821 -0.955412405572
15 2.55404749822 0.018391959799 -2.5274793492 -1.52687569406
15 1.53242849893 0.00517587939698 -2.26571423843 1.28383283768
15 2.04323799857 0.0114572864322 -2.41894642909 -2.10323492633
15 2.383777665 0.0163316582915 -2.49465066117 -2.35131715589
15 3.06485699786 0.0213065326633 -2.61242459513 -1.0827298977
15 2.89458716465 0.0228140703518 -2.58433451309 -0.0610566171852
15 2.21350783179 0.0134170854271 -2.45932495773 -3.92931718071
16 2.55404749822 0.0130653266332 -2.53278880671 -0.278383997719
16 3.91620616393 0.0450251256281 -2.70194990653 -2.92486802369
16 3.5756664975 0.0457286432161 -2.6623465177 -2.76059973086
16 3.5756664975 0.023216080402 -2.67932592234 -2.76059973086
16 2.72431733143 0.0230150753769 -2.55490977907 -0.165601997634
16 1.53242849893 0.00391959798995 -2.26757796067 1.28383283768
16 2.55404749822 0.0221608040201 -2.52372265757 -4.02385908673
16 2.383777665 0.01 -2.50132252423 -1.05088983806
16 2.55404749822 0.0192462311558 -2.52662783243 -3.39961323856
16 3.40539666429 0.0397487437186 -2.64523715798 -1.3609792887
17 3.06485699786 0.0259798994975 -2.60841322138 -2.76125685385
17 3.23512683107 0.0242713567839 -2.63458908031 -0.955412405572
17 1.70269833214 0.00668341708543 -2.32408040139 -1.81370709762
17 3.23512683107 0.0230653266332 -2.63557865891 -2.03811049674
17 1.87296816536 0.00793969849246 -2.37576980376 -0.0949955348905
17 2.04323799857 0.0133165829146 -2.4167328346 -2.10323492633
17 3.06485699786 0.0256281407035 -2.60871515274 -2.20174786847
17 1.70269833214 0.00768844221106 -2.32270319699 -1.81370709762
17 2.383777665 0.0127638190955 -2.49841020305 -1.70110349698
17 2.21350783179 0.013216080402 -2.45954964695 -1.89216734978
18 2.21350783179 0.0118090452261 -2.4611224715 -3.92931718071
18 1.36215866572 0.00321608040201 -2.19947878247 0.323998542956
18 2.72431733143 0.0240201005025 -2.55395921957 -0.766299888777
18 2.72431733143 0.0282412060302 -2.54996686967 -0.165601997634
18 2.55404749822 0.0184924623116 -2.52737917076 -1.52687569406
18 3.06485699786 0.0217587939698 -2.61203639767 -2.20174786847
18 4.08647599715 0.0460804020101 -2.71882794735 -3.70353573472
18 4.25674583036 0.0752763819095 -2.71634422547 -1.70692826889
18 4.08647599715 0.0380904522613 -2.72420447501 -1.8315324485
18 2.383777665 0.00984924623116 -2.50148137811 -0.400676179145
19 2.04323799857 0.0128140703518 -2.41733110338 -0.68057397133
19 2.72431733143 0.0149748743719 -2.56251425507 -2.56839356221
19 2.21350783179 0.010351758794 -2.46275146835 -1.21311740614
19 2.55404749822 0.0105527638191 -2.53529326779 -1.52687569406
19 2.55404749822 0.0156281407035 -2.5302342564 -1.52687569406
19 1.70269833214 0.00869346733668 -2.3213259926 -2.60320162635
19 1.70269833214 0.00557788944724 -2.32559532623 -0.234718040155
19 2.21350783179 0.0188944723618 -2.45320217647 -3.92931718071
19 3.40539666429 0.0393969849246 -2.64551362345 -3.98369095712
19 1.53242849893 0.00502512562814 -2.2659378851 -1.22949715829
20 2.21350783179 0.0100502512563 -2.46308850218 0.824032424784
20 1.70269833214 0.00638190954774 -2.32449356271 -1.02421256889
20 2.383777665 0.0208040201005 -2.489937996 -2.35131715589
20 3.23512683107 0.0288442211055 -2.63083692812 0.127285685593
20 2.04323799857 0.00753768844221 -2.42361292558 0.0307565061715
20 2.04323799857 0.0165326633166 -2.4129039144 -2.81456540384
20 2.89458716465 0.0209547738693 -2.58600771077 -2.37791364812
20 1.70269833214 0.0070351758794 -2.32359837985 1.34427101731
20 2.383777665 0.0149246231156 -2.49613329741 -1.70110349698
20 2.21350783179 0.0130150753769 -2.45977433617 -2.57121729342
21 3.74593633072 0.0384422110553 -2.68788217047 -3.58622061736
21 2.21350783179 0.0131155778894 -2.45966199156 -3.92931718071
21 1.53242849893 0.00422110552764 -2.26713066733 -0.391720492966
21 2.72431733143 0.0198492462312 -2.55790404149 -1.36699777992
21 2.89458716465 0.0176884422111 -2.58894711209 -0.640270874918
21 2.89458716465 0.0215577889447 -2.58546505206 -1.79869939038
21 2.55404749822 0.0154773869347 -2.53038452406 -1.52687569406
21 1.87296816536 0.0143216080402 -2.36764019702 0.65281335222
21 2.72431733143 0.0131155778894 -2.56427279014 -1.96769567106
21 2.55404749822 0.0130653266332 -2.53278880671 -0.278383997719
22 3.91620616393 0.0557788944724 -2.69444414939 -1.48257653461
22 1.87296816536 0.00914572864322 -2.37423350012 -0.842804422002
22 1.70269833214 0.00773869346734 -2.32263433677 -1.81370709762
22 3.5756664975 0.0444221105528 -2.66333192957 -1.23381322543
22 2.04323799857 0.0159296482412 -2.41362183694 -2.10323492633
22 2.72431733143 0.0174371859296 -2.56018538429 -2.56839356221
22 1.36215866572 0.00557788944724 -2.19565614203 -1.46526441623
22 2.72431733143 0.0149246231156 -2.56256178304 -3.16909145335
22 1.02161899929 0.00221105527638 -2.02638820284 -2.07216787683
22 3.23512683107 0.0363819095477 -2.62465206187 -2.57945954232
23 2.89458716465 0.0305527638191 -2.57737039303 -2.37791364812
23 2.72431733143 0.0155778894472 -2.56194391937 -0.165601997634
23 1.87296816536 0.00603015075377 -2.37820228452 -0.842804422002
23 3.5756664975 0.0250251256281 -2.6779615059 1.81975978544
23 3.40539666429 0.0298492462312 -2.65301768619 -3.45914862344
23 1.02161899929 0.00221105527638 -2.02638820284 0.0226438667956
23 2.55404749822 0.0172864321608 -2.52858131208 -0.278383997719
23 1.87296816536 0.00819095477387 -2.3754497405 -2.33842219622
23 2.55404749822 0.0172864321608 -2.52858131208 -2.77536739039
23 1.36215866572 0.00241206030151 -2.20078010688 -0.570632936636
24 2.383777665 0.0147236180905 -2.49634510258 -0.400676179145
24 3.40539666429 0.0359798994975 -2.64819928801 -2.41006395607
24 2.89458716465 0.0242211055276 -2.58306830944 -0.640270874918
24 2.21350783179 0.0138190954774 -2.45887557929 -1.89216734978
24 2.04323799857 0.00964824120603 -2.4211001967 -4.23722635884
24 3.40539666429 0.0302512562814 -2.65270172565 0.212647712354
24 3.06485699786 0.0205527638191 -2.6130715909 0.0362880730678
24 2.21350783179 0.018391959799 -2.45376389952 -1.21311740614
24 2.89458716465 0.0259798994975 -2.58148555489 -1.79869939038
24 2.55404749822 0.0184924623116 -2.52737917076 -2.77536739039
25 1.36215866572 0.00281407035176 -2.20012944467 0.323998542956
25 1.1918888325 0.00346733668342 -2.11868144149 0.184786332983
25 2.21350783179 0.0119095477387 -2.46101012689 -0.534067462499
25 2.04323799857 0.00778894472362 -2.42331379119 -0.68057397133
25 2.21350783179 0.0202010050251 -2.45174169654 -1.89216734978
25 2.383777665 0.0199497487437 -2.490838168 -5.60238545048
25 1.87296816536 0.00778894472362 -2.37596184171 -1.59061330911
25 3.06485699786 0.0196984924623 -2.61380485277 -1.0827298977
25 3.40539666429 0.0223115577889 -2.65894194625 -3.45914862344
25 2.89458716465 0.0168844221106 -2.58967065703 1.09737189828
26 3.23512683107 0.0247738693467 -2.63417675589 -0.955412405572
26 2.383777665 0.0197487437186 -2.49104997317 -1.05088983806
26 1.87296816536 0.0094472361809 -2.37384942421 -1.59061330911
26 1.53242849893 0.0106030150754 -2.25766295836 -2.90505048894
26 2.89458716465 0.0282914572864 -2.57940536318 1.67658615601
26 2.89458716465 0.0325628140704 -2.57556153068 -0.640270874918
26 2.383777665 0.0109547738693 -2.50031644964 -0.400676179145
26 2.383777665 0.0113567839196 -2.49989283929 -2.35131715589
26 1.87296816536 0.00994974874372 -2.3732092977 -2.33842219622
26 2.72431733143 0.017135678392 -2.56047055214 -0.766299888777
27 2.89458716465 0.0186432160804 -2.58808790247 -0.640270874918
27 2.04323799857 0.0113567839196 -2.41906608285 -3.52589588134
27 2.04323799857 0.0121105527638 -2.41816867967 -2.10323492633
27 1.36215866572 0.00306532663317 -2.1997227808 -0.570632936636
27 2.04323799857 0.0104522613065 -2.42014296665 -4.23722635884
27 2.72431733143 0.0153266331658 -2.56218155924 -0.766299888777
27 1.70269833214 0.00788944723618 -2.32242775611 0.554776488577
27 1.1918888325 0.00346733668342 -2.11868144149 -0.778200051239
27 2.89458716465 0.0234170854271 -2.58379185439 -0.640270874918
27 3.06485699786 0.0281407035176 -2.60655850018 0.595797058451
28 2.383777665 0.0109045226131 -2.50036940093 -2.35131715589
28 2.89458716465 0.018391959799 -2.58831401027 -2.37791364812
28 1.70269833214 0.00402010050251 -2.32772999304 0.554776488577
28 3.23512683107 0.0194472361809 -2.63854739471 -3.1208085879
28 2.383777665 0.0203015075377 -2.49046750894 -3.00153081481
28 2.04323799857 0.0086432160804 -2.42229673426 0.742086983673
28 2.21350783179 0.011608040201 -2.46134716072 -0.534067462499
28 2.04323799857 0.0158291457286 -2.4137414907 -0.68057397133
28 3.06485699786 0.0256783919598 -2.60867201968 0.595797058451
28 3.23512683107 0.0274371859296 -2.63199143648 -1.49676145115
29 2.383777665 0.0150251256281 -2.49602739482 -2.35131715589
29 2.04323799857 0.0100502512563 -2.42062158168 -2.10323492633
29 1.53242849893 0.00713567839196 -2.26280683174 -2.06727382361
29 1.53242849893 0.00522613065327 -2.26563968954 1.28383283768
29 2.55404749822 0.021608040201 -2.52427363901 -0.902629845887
29 2.89458716465 0.0171859296482 -2.58939932768 0.518157640547
29 1.53242849893 0.00547738693467 -2.26526694509 -2.90505048894
29 2.383777665 0.0123618090452 -2.4988338134 0.899751138688
29 3.91620616393 0.0450753768844 -2.7019148329 -3.88639568308
29 1.87296816536 0.0091959798995 -2.37416948747 -0.0949955348905
30 2.72431733143 0.019648241206 -2.55809415339 -2.56839356221
30 3.23512683107 0.040351758794 -2.62139469897 -2.57945954232
30 3.23512683107 0.0262311557789 -2.63298101508 -2.03811049674
30 2.55404749822 0.0185929648241 -2.52727899232 1.59435354679
30 2.383777665 0.0126633165829 -2.49851610564 0.899751138688
30 1.70269833214 0.00462311557789 -2.3269036704 -0.234718040155
30 2.21350783179 0.0109547738693 -2.46207740068 -2.57121729342
30 2.383777665 0.0142713567839 -2.49682166423 0.249537479772
30 2.383777665 0.0130653266332 -2.49809249529 -2.35131715589
30 2.72431733143 0.0189447236181 -2.55875954504 1.63649167579
31 2.383777665 0.0108040201005 -2.50047530352 0.249537479772
31 2.21350783179 0.0105527638191 -2.46252677912 -1.21311740614
31 2.383777665 0.0149748743719 -2.49608034611 -3.00153081481
31 2.04323799857 0.0132663316583 -2.41679266148 0.742086983673
31 2.383777665 0.0245226130653 -2.48601960024 0.899751138688
31 1.36215866572 0.00502512562814 -2.19655080256 1.21863002255
31 2.383777665 0.0117085427136 -2.49952218023 0.249537479772
31 1.87296816536 0.00693467336683 -2.37705005679 -1.59061330911
31 1.70269833214 0.00643216080402 -2.32442470249 -2.60320162635
31 2.04323799857 0.00788944723618 -2.42319413743 -1.39190444883
32 1.70269833214 0.00638190954774 -2.32449356271 -2.60320162635
32 2.72431733143 0.0192462311558 -2.55847437719 -1.96769567106
32 2.21350783179 0.00934673366834 -2.46387491445 -0.534067462499
32 2.89458716465 0.0222613065327 -2.58483195024 -1.21948513265
32 1.70269833214 0.00753768844221 -2.32290977765 -1.81370709762
32 2.55404749822 0.0205025125628 -2.52537560189 -2.15112154222
32 1.87296816536 0.0094472361809 -2.37384942421 1.40062223933
32 1.53242849893 0.00517587939698 -2.26571423843 -2.06727382361
32 2.72431733143 0.0218592964824 -2.55600292249 -1.36699777992
32 1.87296816536 0.00592964824121 -2.37833030982 -0.842804422002
33 3.40539666429 0.0327135678392 -2.65076646737 -1.3609792887
33 3.23512683107 0.0412060301508 -2.62069374747 -3.66215763349
33 2.04323799857 0.00899497487437 -2.42187794611 -2.81456540384
33 2.04323799857 0.00829145728643 -2.42271552241 -0.68057397133
33 1.87296816536 0.00909547738693 -2.37429751277 -1.59061330911
33 4.08647599715 0.0586432160804 -2.71037428751 -1.8315324485
33 2.89458716465 0.0173366834171 -2.589263663 -0.0610566171852
33 2.89458716465 0.0193969849246 -2.58740957909 -1.21948513265
33 3.40539666429 0.0353266331658 -2.64871272388 -1.3609792887
33 3.06485699786 0.0285929648241 -2.60617030272 -0.523220912316
34 2.72431733143 0.0199497487437 -2.55780898554 -1.96769567106
34 2.55404749822 0.0189949748744 -2.52687827854 -2.15112154222
34 2.04323799857 0.00974874371859 -2.42098054294 -0.68057397133
34 2.55404749822 0.0191959798995 -2.52667792165 -1.52687569406
34 3.40539666429 0.029648241206 -2.65317566646 -1.88552162239
34 2.383777665 0.011959798995 -2.49925742376 -2.35131715589
34 1.87296816536 0.00773869346734 -2.37602585437 -0.0949955348905
34 2.89458716465 0.0193969849246 -2.58740957909 -0.640270874918
34 3.06485699786 0.023216080402 -2.61078553919 -1.64223888308
34 2.89458716465 0.0153266331658 -2.59107252536 -4.69477067905
35 3.5756664975 0.0421608040201 -2.66503745013 -2.25167089572
35 3.06485699786 0.024824120603 -2.60940528155 -1.64223888308
35 2.55404749822 0.0158793969849 -2.52998381029 -0.902629845887
35 3.06485699786 0.0158793969849 -2.61708296466 -1.0827298977
35 3.06485699786 0.0205527638191 -2.6130715909 -2.20174786847
35 2.04323799857 0.00869346733668 -2.42223690738 -2.81456540384
35 1.1918888325 0.00472361809045 -2.11644178148 -0.778200051239
35 1.87296816536 0.00839195979899 -2.3751936899 -2.33842219622
35 2.55404749822 0.0145226130653 -2.53133621928 -1.52687569406
35 1.87296816536 0.00914572864322 -2.37423350012 -0.842804422002
36 2.55404749822 0.0162814070352 -2.52958309652 -1.52687569406
36 2.55404749822 0.0146231155779 -2.53123604083 -0.278383997719
36 1.70269833214 0.00914572864322 -2.32070625062 -3.39269615508
36 0.851349166072 0.00100502512563 -1.91559545013 -2.48276475748
36 2.89458716465 0.0157788944724 -2.59066553133 -1.21948513265
36 2.55404749822 0.0143718592965 -2.53148648694 -2.15112154222
36 2.21350783179 0.011959798995 -2.46095395458 -1.21311740614
36 2.04323799857 0.0110552763819 -2.41942504411 -0.68057397133
36 2.383777665 0.0166834170854 -2.49428000211 -1.70110349698
36 2.72431733143 0.0152261306533 -2.56227661519 -1.36699777992
37 3.40539666429 0.0458793969849 -2.64041875979 -1.3609792887
37 1.1918888325 0.00231155778894 -2.1207419287 1.14777271721
37 2.72431733143 0.0142713567839 -2.56317964672 -1.96769567106
37 1.53242849893 0.00638190954774 -2.26392506508 -1.22949715829
37 2.21350783179 0.0102010050251 -2.46291998526 0.144982481143
37 2.55404749822 0.017135678392 -2.52873157975 -2.77536739039
37 3.40539666429 0.0241708542714 -2.65748062877 -0.836436955015
37 1.53242849893 0.00668341708543 -2.26347777174 -2.06727382361
37 3.23512683107 0.0273869346734 -2.63203266893 -2.03811049674
37 2.89458716465 0.0193969849246 -2.58740957909 -0.640270874918
38 1.1918888325 0.00286432160804 -2.1197564783 -0.778200051239
38 2.21350783179 0.0109045226131 -2.46213357299 -1.89216734978
38 3.40539666429 0.0341708542714 -2.64962111042 -3.98369095712
38 2.55404749822 0.0175879396985 -2.52828077675 -2.15112154222
38 1.70269833214 0.00613065326633 -2.32483786381 0.554776488577
38 2.89458716465 0.0230150753769 -2.58415362686 1.67658615601
38 2.21350783179 0.0169346733668 -2.45539289637 -1.21311740614
38 2.04323799857 0.00924623115578 -2.42157881172 -3.52589588134
38 2.89458716465 0.0201005025126 -2.58677647727 -2.37791364812
38 2.89458716465 0.0163316582915 -2.59016809418 -0.0610566171852
39 3.40539666429 0.0385427135678 -2.64618503959 -1.88552162239
39 3.06485699786 0.0287939698492 -2.60599777051 0.595797058451
39 2.04323799857 0.00869346733668 -2.42223690738 -1.39190444883
39 2.89458716465 0.0185427135678 -2.58817834559 -2.95712790585
39 3.74593633072 0.0374874371859 -2.68857436837 -2.59747257741
39 1.70269833214 0.00909547738693 -2.32077511084 0.554776488577
39 2.04323799857 0.0131658291457 -2.41691231523 -2.81456540384
39 1.53242849893 0.00758793969849 -2.26213589173 -2.90505048894
39 3.23512683107 0.0276884422111 -2.63178527428 -2.03811049674
39 2.72431733143 0.021959798995 -2.55590786654 -1.36699777992
40 3.23512683107 0.0246231155779 -2.63430045322 -1.49676145115
40 2.72431733143 0.0131155778894 -2.56427279014 -1.96769567106
40 3.06485699786 0.0245226130653 -2.60966407986 -2.76125685385
40 2.04323799857 0.0131155778894 -2.41697214211 -3.52589588134
40 1.36215866572 0.00462311557789 -2.19720146476 1.21863002255
40 2.55404749822 0.0214572864322 -2.52442390668 0.34586185045
40 3.06485699786 0.0230150753769 -2.61095807139 -2.76125685385
40 3.23512683107 0.0338190954774 -2.62675491639 -2.03811049674
40 1.36215866572 0.00572864321608 -2.1954121437 -3.25452737541
40 2.383777665 0.0112060301508 -2.50005169317 -3.65174447373
41 2.04323799857 0.00603015075377 -2.42540773192 -1.39190444883
41 1.87296816536 0.00507537688442 -2.37941852489 1.40062223933
41 2.55404749822 0.013567839196 -2.53228791449 0.970107698619
41 1.87296816536 0.00778894472362 -2.37596184171 -0.0949955348905
41 2.383777665 0.0116582914573 -2.49957513152 -0.400676179145
41 2.383777665 0.0157788944724 -2.49523312541 -1.70110349698
41 2.55404749822 0.0191457286432 -2.52672801088 -2.77536739039
41 1.87296816536 0.00854271356784 -2.37500165194 -0.0949955348905
41 3.06485699786 0.0207035175879 -2.61294219175 -2.76125685385
41 2.89458716465 0.0163819095477 -2.59012287262 -0.640270874918
42 1.87296816536 0.00994974874372 -2.3732092977 -0.0949955348905
42 2.72431733143 0.0210552763819 -2.55676337009 -0.766299888777
42 2.21350783179 0.0112060301508 -2.46179653916 0.144982481143
42 2.89458716465 0.0208040201005 -2.58614337544 -1.79869939038
42 2.72431733143 0.0224120603015 -2.55548011477 -1.96769567106
42 2.383777665 0.0108542713568 -2.50042235223 -1.70110349698
42 2.04323799857 0.00914572864322 -2.42169846548 0.0307565061715
42 1.70269833214 0.00557788944724 -2.32559532623 -0.234718040155
42 1.70269833214 0.0048743718593 -2.3265593693 -1.02421256889
42 2.89458716465 0.0253266331658 -2.58207343515 -1.79869939038
43 2.21350783179 0.0111557788945 -2.46185271146 0.824032424784
43 2.72431733143 0.0190452261307 -2.55866448909 -1.36699777992
43 1.70269833214 0.00753768844221 -2.32290977765 -1.81370709762
43 3.06485699786 0.0226130653266 -2.6113031358 -0.523220912316
43 1.87296816536 0.00743718592965 -2.37640993027 -2.33842219622
43 2.04323799857 0.0086432160804 -2.42229673426 -1.39190444883
43 3.23512683107 0.0227638190955 -2.63582605356 -0.414063359989
43 1.70269833214 0.00819095477387 -2.3220145948 -1.02421256889
43 3.5756664975 0.0234170854271 -2.67917432052 -0.724884390283
43 1.36215866572 0.00306532663317 -2.1997227808 -3.25452737541
44 3.40539666429 0.0397487437186 -2.64523715798 0.212647712354
44 1.70269833214 0.00633165829146 -2.32456242293 1.34427101731
44 2.04323799857 0.0114572864322 -2.41894642909 -0.68057397133
44 2.21350783179 0.0134673366834 -2.45926878543 -0.534067462499
44 2.72431733143 0.0259798994975 -2.55210562854 -4.97118512678
44 3.06485699786 0.0230653266332 -2.61091493834 -4.43978381
44 2.04323799857 0.0115577889447 -2.41882677533 -2.81456540384
44 2.55404749822 0.0156783919598 -2.53018416718 -1.52687569406
44 3.06485699786 0.0274371859296 -2.60716236289 -4.43978381
44 2.72431733143 0.0192462311558 -2.55847437719 -1.96769567106
45 3.06485699786 0.025175879397 -2.6091033502 -0.523220912316
45 3.74593633072 0.0393467336683 -2.68722640403 -2.10309855743
45 1.87296816536 0.0102010050251 -2.37288923444 -1.59061330911
45 2.72431733143 0.0179396984925 -2.55971010454 -1.36699777992
45 2.55404749822 0.0207537688442 -2.52512515578 -2.15112154222
45 2.383777665 0.0114070351759 -2.49983988799 -0.400676179145
45 2.04323799857 0.00974874371859 -2.42098054294 -0.68057397133
45 3.06485699786 0.0269849246231 -2.60755056036 -1.0827298977
45 2.383777665 0.011256281407 -2.49999874187 0.899751138688
45 2.383777665 0.0135175879397 -2.49761593364 -1.05088983806
46 1.87296816536 0.00894472361809 -2.37448955073 -2.33842219622
46 2.383777665 0.0166331658291 -2.49433295341 -2.35131715589
46 2.383777665 0.0155778894472 -2.49544493058 -1.05088983806
46 2.72431733143 0.0234673366834 -2.55448202729 -0.766299888777
46 2.383777665 0.0105527638191 -2.50074005999 0.249537479772
46 2.21350783179 0.016783919598 -2.45556141329 -0.534067462499
46 2.89458716465 0.0303015075377 -2.57759650083 -3.53634216358
46 2.383777665 0.0147738693467 -2.49629215129 -3.65174447373
46 1.70269833214 0.00562814070352 -2.32552646601 1.34427101731
46 3.23512683107 0.0414070351759 -2.6205288177 -1.49676145115
47 2.04323799857 0.00914572864322 -2.42169846548 -1.39190444883
47 2.04323799857 0.0064824120603 -2.42486929002 0.0307565061715
47 1.87296816536 0.00889447236181 -2.37455356338 -3.08623108333
47 1.53242849893 0.00502512562814 -2.2659378851 -1.22949715829
47 2.55404749822 0.0191959798995 -2.52667792165 -0.902629845887
47 3.06485699786 0.0266834170854 -2.60780935866 -2.20174786847
47 2.55404749822 0.0152261306533 -2.53063497017 -0.278383997719
47 3.23512683107 0.0334170854271 -2.62708477593 -3.1208085879
47 3.23512683107 0.0284422110553 -2.63116678765 0.127285685593
47 1.87296816536 0.00437185929648 -2.38031470202 -0.0949955348905
48 1.87296816536 0.0128140703518 -2.36956057656 -3.08623108333
48 3.40539666429 0.0242713567839 -2.65740163863 -3.98369095712
48 3.06485699786 0.0171859296482 -2.61596150533 -3.32076583923
48 2.383777665 0.0130150753769 -2.49814544658 -1.70110349698
48 2.21350783179 0.00969849246231 -2.46348170831 -4.60836712435
48 2.55404749822 0.0181909547739 -2.52767970609 -0.902629845887
48 2.55404749822 0.0211557788945 -2.52472444201 -0.902629845887
48 2.55404749822 0.015527638191 -2.53033443484 -0.278383997719
48 3.06485699786 0.0279396984925 -2.60673103238 -2.76125685385
48 3.74593633072 0.0364824120603 -2.68930299774 -3.58622061736
49 2.89458716465 0.0191959798995 -2.58759046533 -1.21948513265
49 3.06485699786 0.0233165829146 -2.61069927309 -1.64223888308
49 2.21350783179 0.0175879396985 -2.45466265641 -1.21311740614
49 2.21350783179 0.010351758794 -2.46275146835 -1.89216734978
49 2.55404749822 0.0191457286432 -2.52672801088 -1.52687569406
49 2.55404749822 0.0126633165829 -2.53318952048 -0.902629845887
49 3.23512683107 0.0314070351759 -2.62873407359 1.20998377676
49 2.89458716465 0.0230150753769 -2.58415362686 -1.21948513265
49 2.21350783179 0.011608040201 -2.46134716072 -1.21311740614
49 2.383777665 0.0123115577889 -2.4988867647 -1.70110349698
50 3.40539666429 0.024824120603 -2.6569671929 0.212647712354
50 1.87296816536 0.0070351758794 -2.37692203149 -0.0949955348905
50 1.70269833214 0.00603015075377 -2.32497558425 -1.02421256889
50 2.55404749822 0.0223618090452 -2.52352230068 -2.77536739039
50 3.06485699786 0.0271859296482 -2.60737802815 -1.64223888308
50 2.89458716465 0.0212060301508 -2.58578160297 -0.0610566171852
50 1.53242849893 0.00502512562814 -2.2659378851 -0.391720492966
50 2.55404749822 0.0161809045226 -2.52968327496 -3.39961323856
50 2.21350783179 0.00934673366834 -2.46387491445 0.144982481143
50 3.40539666429 0.0284422110553 -2.65412354807 -1.3609792887
51 2.04323799857 0.00874371859296 -2.42217708051 -0.68057397133
51 3.23512683107 0.0267336683417 -2.63256869067 -0.414063359989
51 2.55404749822 0.0190954773869 -2.5267781001 -0.278383997719
51 3.06485699786 0.0154271356784 -2.61747116212 -0.523220912316
51 2.21350783179 0.0123115577889 -2.46056074844 -2.57121729342
51 2.21350783179 0.0131658291457 -2.45960581926 -3.25026723706
51 2.55404749822 0.0160301507538 -2.52983354262 -3.39961323856
51 2.89458716465 0.025527638191 -2.58189254891 -3.53634216358
51 3.5756664975 0.0353768844221 -2.6701540118 -2.25167089572
51 2.04323799857 0.0119095477387 -2.41840798719 -2.81456540384
52 2.04323799857 0.00879396984925 -2.42211725363 0.0307565061715
52 3.5756664975 0.0322110552764 -2.67254174058 -1.23381322543
52 1.53242849893 0.00422110552764 -2.26713066733 -1.22949715829
52 1.87296816536 0.00854271356784 -2.37500165194 0.65281335222
52 2.21350783179 0.0143216080402 -2.45831385624 -1.89216734978
52 1.87296816536 0.0108542713568 -2.37205706997 -0.842804422002
52 1.53242849893 0.00537688442211 -2.26541604287 -0.391720492966
52 2.21350783179 0.00974874371859 -2.46342553601 -2.57121729342
52 3.5756664975 0.0272864321608 -2.67625598534 -3.77845740115
52 3.40539666429 0.0246231155779 -2.65712517316 -1.88552162239
53 2.04323799857 0.00984924623116 -2.42086088919 0.0307565061715
53 2.383777665 0.0174371859296 -2.4934857327 0.249537479772
53 1.87296816536 0.00633165829146 -2.37781820861 -0.842804422002
53 2.55404749822 0.0160301507538 -2.52983354262 -3.39961323856
53 2.21350783179 0.0161809045226 -2.45623548095 -1.21311740614
53 1.87296816536 0.00954773869347 -2.37372139891 0.65281335222
53 3.06485699786 0.0313567839196 -2.60379798491 -1.0827298977
53 2.72431733143 0.0228140703518 -2.55509989097 -0.165601997634
53 2.89458716465 0.0241206030151 -2.58315875256 0.518157640547
53 2.383777665 0.0221105527638 -2.48856126235 -0.400676179145
54 2.55404749822 0.0140703517588 -2.53178702227 -0.902629845887
54 2.72431733143 0.013567839196 -2.56384503837 -0.165601997634
54 2.04323799857 0.0111055276382 -2.41936521724 0.0307565061715
54 2.55404749822 0.0138190954774 -2.53203746838 -4.02385908673
54 2.04323799857 0.0125628140704 -2.41763023777 -1.39190444883
54 3.06485699786 0.024824120603 -2.60940528155 -1.0827298977
54 2.55404749822 0.0289447236181 -2.51696061264 -0.902629845887
54 2.21350783179 0.0104020100503 -2.46269529604 -0.534067462499
54 1.53242849893 0.00572864321608 -2.26489420064 -2.06727382361
54 2.72431733143 0.0159296482412 -2.56161122354 -1.36699777992
55 2.04323799857 0.0122613065327 -2.41798919904 -2.81456540384
55 2.89458716465 0.0208542713568 -2.58609815389 -0.0610566171852
55 1.87296816536 0.0086432160804 -2.37487362664 0.65281335222
55 2.72431733143 0.0225125628141 -2.55538505882 0.435095893509
55 2.55404749822 0.0126633165829 -2.53318952048 -0.278383997719
55 1.53242849893 0.00577889447236 -2.26481965175 -1.22949715829
55 1.53242849893 0.00477386934673 -2.26631062955 -2.06727382361
55 2.89458716465 0.0204522613065 -2.58645992636 -0.0610566171852
55 2.72431733143 0.0165326633166 -2.56104088784 -1.96769567106
55 2.55404749822 0.0290954773869 -2.51681034497 -1.52687569406
56 2.55404749822 0.0149748743719 -2.53088541628 -2.15112154222
56 2.21350783179 0.0094472361809 -2.46376256984 -1.89216734978
56 2.72431733143 0.0217587939698 -2.55609797844 -3.76978934449
56 2.55404749822 0.0149748743719 -2.53088541628 -1.52687569406
56 1.87296816536 0.00748743718593 -2.37634591762 -0.842804422002
56 3.06485699786 0.031608040201 -2.60358231965 -1.0827298977
56 2.72431733143 0.0153768844221 -2.56213403127 1.03579378465
56 3.06485699786 0.0294472361809 -2.60543704085 -2.20174786847
56 1.53242849893 0.00502512562814 -2.2659378851 -3.74282715426
56 1.70269833214 0.00748743718593 -2.32297863787 0.554776488577
57 2.89458716465 0.0237185929648 -2.58352052503 -1.21948513265
57 2.72431733143 0.0210050251256 -2.55681089807 -1.36699777992
57 2.89458716465 0.0258291457286 -2.58162121956 -2.37791364812
57 2.383777665 0.0111557788945 -2.50010464446 -1.70110349698
57 2.04323799857 0.0108542713568 -2.41966435163 -1.39190444883
57 2.55404749822 0.0126130653266 -2.5332396097 -0.278383997719
57 2.89458716465 0.0217085427136 -2.58532938739 -2.95712790585
57 2.21350783179 0.0103015075377 -2.46280764065 -1.21311740614
57 2.72431733143 0.0219095477387 -2.55595539452 -2.56839356221
57 1.70269833214 0.0051256281407 -2.3262150682 -1.02421256889
58 2.383777665 0.0115577889447 -2.49968103411 -1.05088983806
58 3.06485699786 0.0235175879397 -2.61052674088 -2.20174786847
58 2.383777665 0.0206030150754 -2.49014980118 -1.70110349698
58 2.04323799857 0.0121105527638 -2.41816867967 -2.10323492633
58 3.06485699786 0.0217085427136 -2.61207953072 -0.523220912316
58 1.53242849893 0.00768844221106 -2.26198679395 -2.90505048894
58 2.55404749822 0.0172864321608 -2.52858131208 -0.902629845887
58 2.04323799857 0.00934673366834 -2.42145915797 -0.68057397133
58 2.21350783179 0.0153768844221 -2.45713423783 -2.57121729342
58 2.04323799857 0.0111055276382 -2.41936521724 -2.10323492633
59 2.21350783179 0.0125628140704 -2.46027988692 -1.89216734978
59 2.383777665 0.0129145728643 -2.49825134917 -1.05088983806
59 3.5756664975 0.0274371859296 -2.67614228397 -2.76059973086
59 2.89458716465 0.0266834170854 -2.58085245306 -2.37791364812
59 2.55404749822 0.0159798994975 -2.52988363185 -3.39961323856
59 3.23512683107 0.0382914572864 -2.62308522908 -0.414063359989
59 1.70269833214 0.00683417085427 -2.32387382073 0.554776488577
59 0.681079332858 0.000904522613065 -1.77665420566 -4.31846653325
59 2.89458716465 0.0155778894472 -2.59084641756 0.518157640547
59 2.21350783179 0.0114070351759 -2.46157184994 0.144982481143
60 3.23512683107 0.0245728643216 -2.63434168566 0.668634731176
60 2.55404749822 0.0143718592965 -2.53148648694 -0.278383997719
60 2.383777665 0.0154773869347 -2.49555083317 0.249537479772
60 2.21350783179 0.0100502512563 -2.46308850218 -0.534067462499
60 3.40539666429 0.0317085427136 -2.65155636871 -0.836436955015
60 3.06485699786 0.0224120603015 -2.61147566801 -2.20174786847
60 2.21350783179 0.0147738693467 -2.45780830549 -0.534067462499
60 2.04323799857 0.0105527638191 -2.42002331289 -1.39190444883
60 3.06485699786 0.0231155778894 -2.61087180529 -1.0827298977
60 2.383777665 0.0140201005025 -2.4970864207 0.249537479772
61 2.89458716465 0.0225125628141 -2.58460584244 -1.21948513265
61 1.70269833214 0.00587939698492 -2.32518216491 -3.39269615508
61 2.383777665 0.0154773869347 -2.49555083317 -1.70110349698
61 2.72431733143 0.0136683417085 -2.56374998242 -0.766299888777
61 2.383777665 0.0163316582915 -2.49465066117 -1.05088983806
61 2.89458716465 0.0174874371859 -2.58912799833 -1.21948513265
61 3.23512683107 0.0254271356784 -2.63364073415 -2.57945954232
61 2.89458716465 0.0203015075377 -2.58659559103 -1.79869939038
61 2.21350783179 0.013567839196 -2.45915644082 0.144982481143
61 2.383777665 0.016432160804 -2.49454475858 -0.400676179145
62 2.55404749822 0.0166834170854 -2.52918238274 -1.52687569406
62 1.87296816536 0.00743718592965 -2.37640993027 -0.842804422002
62 3.06485699786 0.0223618090452 -2.61151880106 -1.64223888308
62 2.21350783179 0.0118090452261 -2.4611224715 -3.25026723706
62 1.53242849893 0.0048743718593 -2.26616153177 -1.22949715829
62 1.87296816536 0.00698492462312 -2.37698604414 -0.842804422002
62 2.72431733143 0.018743718593 -2.55894965694 -4.37048723563
62 2.89458716465 0.0164824120603 -2.5900324295 0.518157640547
62 2.383777665 0.0162814070352 -2.49470361247 -1.70110349698
62 2.89458716465 0.028743718593 -2.57899836915 -1.21948513265
63 2.21350783179 0.0100502512563 -2.46308850218 -2.57121729342
63 2.89458716465 0.0198492462312 -2.58700258506 -1.21948513265
63 1.87296816536 0.00768844221106 -2.37608986702 -0.842804422002
63 2.55404749822 0.0145226130653 -2.53133621928 -0.902629845887
63 2.21350783179 0.0138693467337 -2.45881940699 -1.21311740614
63 2.55404749822 0.0122613065327 -2.53359023425 0.970107698619
63 3.06485699786 0.0293969849246 -2.6054801739 1.71481502922
63 2.55404749822 0.0124120603015 -2.53343996659 -2.15112154222
63 3.40539666429 0.0249246231156 -2.65688820276 -2.41006395607
63 2.55404749822 0.0134673366834 -2.53238809293 0.34586185045
64 2.383777665 0.0162814070352 -2.49470361247 -3.65174447373
64 2.21350783179 0.0111557788945 -2.46185271146 -0.534067462499
64 2.55404749822 0.020351758794 -2.52552586955 -2.15112154222
64 3.40539666429 0.0403015075377 -2.64480271224 -3.45914862344
64 2.55404749822 0.0169849246231 -2.52888184741 -0.902629845887
64 1.87296816536 0.0108542713568 -2.37205706997 -1.59061330911
64 2.21350783179 0.0111055276382 -2.46190888377 -0.534067462499
64 1.70269833214 0.0048743718593 -2.3265593693 -1.81370709762
64 1.87296816536 0.00497487437186 -2.3795465502 0.65281335222
64 1.53242849893 0.00407035175879 -2.267354314 -0.391720492966
65 2.89458716465 0.0199497487437 -2.58691214194 -0.0610566171852
65 2.04323799857 0.00914572864322 -2.42169846548 0.0307565061715
65 1.87296816536 0.0105527638191 -2.37244114588 -0.0949955348905
65 2.72431733143 0.0191959798995 -2.55852190517 0.435095893509
65 2.383777665 0.0104522613065 -2.50084596258 -1.05088983806
65 2.383777665 0.0105025125628 -2.50079301128 -0.400676179145
65 3.23512683107 0.0203015075377 -2.6378464432 -1.49676145115
65 2.89458716465 0.0145728643216 -2.59175084874 -2.37791364812
65 1.70269833214 0.00592964824121 -2.32511330469 -0.234718040155
65 2.21350783179 0.0101507537688 -2.46297615757 -1.89216734978
66 2.21350783179 0.011959798995 -2.46095395458 -1.89216734978
66 2.55404749822 0.0123618090452 -2.53349005581 -0.902629845887
66 2.04323799857 0.0100502512563 -2.42062158168 -2.81456540384
66 2.55404749822 0.0171859296482 -2.52868149052 -1.52687569406
66 2.55404749822 0.0186934673367 -2.52717881387 -2.77536739039
66 1.1918888325 0.00321608040201 -2.11912937349 -3.66715920391
66 2.55404749822 0.0177889447236 -2.52808041986 -2.15112154222
66 1.70269833214 0.00582914572864 -2.32525102513 -0.234718040155
66 1.02161899929 0.00221105527638 -2.02638820284 -1.02476200502
66 2.383777665 0.013567839196 -2.49756298235 -0.400676179145
67 2.55404749822 0.0230150753769 -2.5228711408 0.34586185045
67 4.08647599715 0.0491457286432 -2.71676525435 -1.36353162695
67 3.23512683107 0.0230150753769 -2.63561989135 0.127285685593
67 2.04323799857 0.00763819095477 -2.42349327182 -2.81456540384
67 2.55404749822 0.0169346733668 -2.52893193663 -0.278383997719
67 3.5756664975 0.0350251256281 -2.670419315 -2.25167089572
67 3.23512683107 0.044472361809 -2.61801363876 -4.20350667907
67 2.72431733143 0.0185929648241 -2.55909224087 -0.766299888777
67 2.55404749822 0.0148743718593 -2.53098559472 -2.15112154222
67 2.55404749822 0.0201005025126 -2.52577631566 -0.902629845887
68 1.36215866572 0.00532663316583 -2.19606280591 -0.570632936636
68 2.21350783179 0.00954773869347 -2.46365022523 0.144982481143
68 2.89458716465 0.0160301507538 -2.59043942353 -1.79869939038
68 2.383777665 0.0160804020101 -2.49491541764 -3.00153081481
68 1.36215866572 0.00638190954774 -2.19435481762 -2.35989589582
68 2.89458716465 0.0252261306533 -2.58216387827 -0.640270874918
68 2.55404749822 0.0167336683417 -2.52913229352 -0.902629845887
68 2.55404749822 0.0181909547739 -2.52767970609 -2.77536739039
68 2.89458716465 0.0215577889447 -2.58546505206 -2.37791364812
68 2.21350783179 0.0126633165829 -2.46016754231 0.144982481143
69 2.72431733143 0.0206030150754 -2.55719112187 -1.96769567106
69 1.87296816536 0.00869346733668 -2.37480961399 1.40062223933
69 2.89458716465 0.0193969849246 -2.58740957909 -3.53634216358
69 2.89458716465 0.0278894472362 -2.57976713565 -2.37791364812
69 2.89458716465 0.0282914572864 -2.57940536318 -0.640270874918
69 1.87296816536 0.00924623115578 -2.37410547482 -1.59061330911
69 2.21350783179 0.0136180904523 -2.45910026851 -1.21311740614
69 3.5756664975 0.0408542713568 -2.66602286201 -0.724884390283
69 3.23512683107 0.0258291457286 -2.63331087462 -0.414063359989
69 3.74593633072 0.0322110552764 -2.69239967258 -1.11435051747
70 2.383777665 0.0122613065327 -2.49893971599 -1.70110349698
70 3.23512683107 0.0369346733668 -2.62419850501 0.127285685593
70 3.23512683107 0.0288442211055 -2.63083692812 -0.414063359989
70 1.53242849893 0.00502512562814 -2.2659378851 -1.22949715829
70 2.21350783179 0.0102512562814 -2.46286381296 -1.21311740614
70 2.89458716465 0.0291959798995 -2.57859137512 -0.640270874918
70 2.89458716465 0.0269346733668 -2.58062634527 -2.37791364812
70 2.89458716465 0.0245728643216 -2.58275175853 -0.640270874918
70 2.72431733143 0.0180904522613 -2.55956752062 -2.56839356221
70 2.72431733143 0.018743718593 -2.55894965694 -0.766299888777
71 2.72431733143 0.0138693467337 -2.56355987052 -1.36699777992
71 3.23512683107 0.0279899497487 -2.63153787963 -2.03811049674
71 3.06485699786 0.0198492462312 -2.61367545362 -1.64223888308
71 2.21350783179 0.0114572864322 -2.46151567763 -1.21311740614
71 2.21350783179 0.012864321608 -2.45994285309 -1.89216734978
71 2.89458716465 0.0182412060302 -2.58844967495 -3.53634216358
71 2.21350783179 0.0143718592965 -2.45825768393 -1.89216734978
71 2.21350783179 0.0110552763819 -2.46196505607 -2.57121729342
71 2.55404749822 0.0207537688442 -2.52512515578 0.34586185045
71 2.55404749822 0.021608040201 -2.52427363901 -1.52687569406
72 2.72431733143 0.0203015075377 -2.55747628972 -1.36699777992
72 2.383777665 0.0126633165829 -2.49851610564 -0.400676179145
72 2.383777665 0.0102512562814 -2.50105776776 0.899751138688
72 2.383777665 0.00899497487437 -2.50238155011 0.249537479772
72 2.21350783179 0.0106532663317 -2.46241443451 -3.25026723706
72 3.06485699786 0.0218090452261 -2.61199326462 -3.88027482462
72 2.21350783179 0.0136180904523 -2.45910026851 -2.57121729342
72 2.55404749822 0.0230653266332 -2.52282105158 -4.02385908673
72 2.21350783179 0.00979899497487 -2.4633693637 -0.534067462499
72 2.383777665 0.012864321608 -2.49830430046 -1.05088983806
73 3.06485699786 0.0202010050251 -2.61337352226 -2.76125685385
73 2.21350783179 0.00889447236181 -2.46438046519 -0.534067462499
73 3.06485699786 0.03 -2.60496257729 -3.32076583923
73 1.87296816536 0.00854271356784 -2.37500165194 -3.08623108333
73 3.40539666429 0.0300502512563 -2.65285970592 0.212647712354
73 1.53242849893 0.00452261306533 -2.26668337399 -0.391720492966
73 2.383777665 0.00894472361809 -2.5024345014 0.249537479772
73 2.72431733143 0.0222110552764 -2.55567022667 -1.36699777992
73 2.04323799857 0.0105527638191 -2.42002331289 -1.39190444883
73 2.04323799857 0.0168844221106 -2.41248512626 0.742086983673
74 2.383777665 0.0114070351759 -2.49983988799 0.249537479772
74 3.40539666429 0.0169346733668 -2.66316791843 -2.41006395607
74 2.21350783179 0.0123618090452 -2.46050457614 -1.21311740614
74 2.72431733143 0.0188944723618 -2.55880707302 -3.16909145335
74 2.383777665 0.0162814070352 -2.49470361247 1.5499647976
74 2.21350783179 0.0126130653266 -2.46022371461 -0.534067462499
74 2.04323799857 0.00814070351759 -2.42289500304 0.742086983673
74 2.55404749822 0.0152763819095 -2.53058488095 -0.902629845887
74 1.53242849893 0.00577889447236 -2.26481965175 -2.90505048894
74 2.383777665 0.014824120603 -2.49623919999 -2.35131715589
75 2.383777665 0.010351758794 -2.50095186517 -1.05088983806
75 2.21350783179 0.0133668341709 -2.45938113004 -0.534067462499
75 3.06485699786 0.0252261306533 -2.60906021714 -3.32076583923
75 3.74593633072 0.0393969849246 -2.68718997256 -0.619976497492
75 2.72431733143 0.0214572864322 -2.55638314629 -0.165601997634
75 2.72431733143 0.0174874371859 -2.56013785632 -2.56839356221
75 1.87296816536 0.0106030150754 -2.37237713323 1.40062223933
75 3.06485699786 0.0184422110553 -2.61488317905 0.0362880730678
75 1.87296816536 0.00633165829146 -2.37781820861 -0.842804422002
75 2.21350783179 0.0241206030151 -2.44736025674 -0.534067462499
76 2.21350783179 0.0167336683417 -2.45561758559 -1.21311740614
76 2.55404749822 0.0148743718593 -2.53098559472 -1.52687569406
76 2.21350783179 0.00884422110553 -2.4644366375 -0.534067462499
76 2.55404749822 0.0302010050251 -2.51570838209 -2.77536739039
76 2.55404749822 0.0133165829146 -2.5325383606 -2.15112154222
76 1.87296816536 0.00798994974874 -2.37570579111 -3.08623108333
76 2.383777665 0.0206532663317 -2.49009684988 -0.400676179145
76 2.383777665 0.0154773869347 -2.49555083317 -2.35131715589
76 1.87296816536 0.00804020100503 -2.37564177846 -0.842804422002
76 2.89458716465 0.0181909547739 -2.5884948965 -0.0610566171852
77 2.383777665 0.012864321608 -2.49830430046 -1.05088983806
77 1.70269833214 0.0072864321608 -2.32325407875 -1.81370709762
77 2.21350783179 0.011959798995 -2.46095395458 0.144982481143
77 2.21350783179 0.00939698492462 -2.46381874214 -2.57121729342
77 1.53242849893 0.00532663316583 -2.26549059176 -2.06727382361
77 1.70269833214 0.00839195979899 -2.32173915392 -1.02421256889
77 3.06485699786 0.0213065326633 -2.61242459513 -1.64223888308
77 2.89458716465 0.0195477386935 -2.58727391442 -1.21948513265
77 3.06485699786 0.0218090452261 -2.61199326462 -2.76125685385
77 3.23512683107 0.0333668341709 -2.62712600837 -0.955412405572
78 2.21350783179 0.0174874371859 -2.45477500102 -0.534067462499
78 2.04323799857 0.0104522613065 -2.42014296665 -0.68057397133
78 1.87296816536 0.00793969849246 -2.37576980376 -3.83403997045
78 3.40539666429 0.0329648241206 -2.65056899203 -1.88552162239
78 2.55404749822 0.0130653266332 -2.53278880671 -0.902629845887
78 2.55404749822 0.0125628140704 -2.53328969892 -2.15112154222
78 3.23512683107 0.0236180904523 -2.63512510205 -0.955412405572
78 2.21350783179 0.00949748743719 -2.46370639753 -2.57121729342
78 2.383777665 0.0157286432161 -2.4952860767 -1.70110349698
78 2.72431733143 0.0220603015075 -2.55581281059 -0.766299888777
79 3.23512683107 0.0201005025126 -2.63801137297 -3.1208085879
79 1.53242849893 0.00592964824121 -2.26459600509 -3.74282715426
79 3.06485699786 0.0198994974874 -2.61363232056 -3.32076583923
79 1.87296816536 0.0056783919598 -2.37865037308 0.65281335222
79 2.55404749822 0.015175879397 -2.53068505939 -0.902629845887
79 1.87296816536 0.00964824120603 -2.37359337361 -1.59061330911
79 3.23512683107 0.0274371859296 -2.63199143648 -0.414063359989
79 3.23512683107 0.0191959798995 -2.63875355692 -2.03811049674
79 2.04323799857 0.0101507537688 -2.42050192792 0.0307565061715
79 2.21350783179 0.0129145728643 -2.45988668078 -3.92931718071
80 2.04323799857 0.00979899497487 -2.42092071607 1.45341746118
80 1.1918888325 0.00231155778894 -2.1207419287 -1.74118643546
80 3.06485699786 0.0296984924623 -2.60522137559 -0.523220912316
80 1.53242849893 0.00562814070352 -2.26504329842 -2.06727382361
80 3.06485699786 0.0241206030151 -2.61000914427 -1.0827298977
80 2.89458716465 0.0220603015075 -2.58501283647 -1.21948513265
80 2.55404749822 0.0156281407035 -2.5302342564 0.34586185045
80 2.04323799857 0.0106532663317 -2.41990365914 -2.10323492633
80 1.36215866572 0.00522613065327 -2.19622547146 -3.25452737541
80 2.55404749822 0.0184422110553 -2.52742925998 -2.15112154222
81 1.87296816536 0.00814070351759 -2.37551375315 -2.33842219622
81 2.383777665 0.010351758794 -2.50095186517 -5.60238545048
81 2.55404749822 0.0237185929648 -2.5221698917 -0.278383997719
81 3.06485699786 0.0361809045226 -2.599657212 -3.32076583923
81 1.87296816536 0.00733668341709 -2.37653795558 -2.33842219622
81 2.72431733143 0.0172864321608 -2.56032796822 0.435095893509
81 3.06485699786 0.0266834170854 -2.60780935866 -3.32076583923
81 2.55404749822 0.0153266331658 -2.53053479173 -2.15112154222
81 1.53242849893 0.00572864321608 -2.26489420064 -2.90505048894
81 1.70269833214 0.00899497487437 -2.32091283128 1.34427101731
82 2.89458716465 0.018391959799 -2.58831401027 -1.79869939038
82 1.53242849893 0.00653266331658 -2.26370141841 -0.391720492966
82 2.89458716465 0.0188442211055 -2.58790701624 -1.21948513265
82 2.55404749822 0.0179899497487 -2.52788006298 -4.02385908673
82 2.383777665 0.0125125628141 -2.49867495952 -0.400676179145
82 1.70269833214 0.00829145728643 -2.32187687436 -1.81370709762
82 3.06485699786 0.0165326633166 -2.61652223499 -1.0827298977
82 3.06485699786 0.0238190954774 -2.61026794258 -0.523220912316
82 2.89458716465 0.0202010050251 -2.58668603415 -3.53634216358
82 1.87296816536 0.00743718592965 -2.37640993027 -0.842804422002
83 3.5756664975 0.0338693467337 -2.6712910255 -1.23381322543
83 2.72431733143 0.0161809045226 -2.56137358367 -1.36699777992
83 1.70269833214 0.00638190954774 -2.32449356271 -1.81370709762
83 1.70269833214 0.0086432160804 -2.32139485282 1.34427101731
83 1.53242849893 0.00773869346734 -2.26191224506 -2.06727382361
83 1.87296816536 0.00663316582915 -2.3774341327 -3.83403997045
83 2.21350783179 0.0114572864322 -2.46151567763 -3.92931718071
83 2.04323799857 0.00834170854271 -2.42265569553 -1.39190444883
83 2.55404749822 0.0199497487437 -2.52592658333 -0.902629845887
83 3.23512683107 0.0357788944724 -2.62514685117 -1.49676145115
84 1.87296816536 0.00532663316583 -2.37909846164 1.40062223933
84 2.383777665 0.0136683417085 -2.49745707976 -1.70110349698
84 3.23512683107 0.0318592964824 -2.62836298162 -2.57945954232
84 2.89458716465 0.0238190954774 -2.58343008191 1.09737189828
84 1.87296816536 0.00964824120603 -2.37359337361 0.65281335222
84 3.06485699786 0.0220603015075 -2.61177759937 -1.64223888308
84 2.72431733143 0.0172864321608 -2.56032796822 -3.16909145335
84 2.04323799857 0.00934673366834 -2.42145915797 -0.68057397133
84 1.53242849893 0.00532663316583 -2.26549059176 0.446056172357
84 2.383777665 0.0147738693467 -2.49629215129 -1.70110349698
85 2.55404749822 0.0150753768844 -2.53078523784 -3.39961323856
85 2.383777665 0.0129648241206 -2.49819839788 -1.70110349698
85 2.55404749822 0.0167336683417 -2.52913229352 -2.77536739039
85 2.89458716465 0.0255778894472 -2.58184732736 -2.37791364812
85 2.383777665 0.0149748743719 -2.49608034611 -2.35131715589
85 2.21350783179 0.0129648241206 -2.45983050848 -3.92931718071
85 1.87296816536 0.00532663316583 -2.37909846164 -1.59061330911
85 3.06485699786 0.0193969849246 -2.61406365108 1.15530604384
85 2.04323799857 0.00899497487437 -2.42187794611 0.0307565061715
85 3.23512683107 0.0289949748744 -2.63071323079 -0.414063359989
86 2.21350783179 0.0125628140704 -2.46027988692 -1.89216734978
86 1.87296816536 0.00693467336683 -2.37705005679 -0.0949955348905
86 2.21350783179 0.0112060301508 -2.46179653916 -3.25026723706
86 2.55404749822 0.0123618090452 -2.53349005581 1.59435354679
86 2.72431733143 0.0237688442211 -2.55419685944 0.435095893509
86 3.23512683107 0.0254271356784 -2.63364073415 -1.49676145115
86 2.72431733143 0.0132663316583 -2.56413020622 -0.165601997634
86 2.383777665 0.0137688442211 -2.49735117717 0.249537479772
86 3.5756664975 0.0272864321608 -2.67625598534 -0.215955555138
86 2.55404749822 0.013567839196 -2.53228791449 -2.15112154222
87 3.40539666429 0.0270351758794 -2.65522940995 -0.311894621331
87 1.36215866572 0.00281407035176 -2.20012944467 0.323998542956
87 3.40539666429 0.0313567839196 -2.65183283418 0.212647712354
87 3.5756664975 0.0407035175879 -2.66613656338 -2.76059973086
87 1.70269833214 0.00733668341709 -2.32318521853 -1.81370709762
87 2.89458716465 0.034824120603 -2.57352656053 -2.95712790585
87 1.87296816536 0.00869346733668 -2.37480961399 -0.0949955348905
87 3.06485699786 0.0291959798995 -2.60565270611 -2.76125685385
87 2.21350783179 0.0126130653266 -2.46022371461 -1.89216734978
87 2.72431733143 0.016783919598 -2.56080324797 -2.56839356221
88 2.04323799857 0.00603015075377 -2.42540773192 0.742086983673
88 2.55404749822 0.0156281407035 -2.5302342564 -1.52687569406
88 2.72431733143 0.0165829145729 -2.56099335987 -0.165601997634
88 2.72431733143 0.0156783919598 -2.56184886342 -0.766299888777
88 1.70269833214 0.0072864321608 -2.32325407875 0.554776488577
88 3.23512683107 0.0280904522613 -2.63145541474 -0.955412405572
88 3.23512683107 0.0204020100503 -2.63776397832 -0.414063359989
88 1.87296816536 0.00814070351759 -2.37551375315 -0.0949955348905
88 1.70269833214 0.00859296482412 -2.32146371304 -4.18219068381
88 2.89458716465 0.026783919598 -2.58076200994 -1.79869939038
89 2.72431733143 0.016783919598 -2.56080324797 -0.766299888777
89 1.70269833214 0.0048743718593 -2.3265593693 -1.02421256889
89 2.383777665 0.0120603015075 -2.49915152117 -1.05088983806
89 2.72431733143 0.0213567839196 -2.55647820224 -0.766299888777
89 3.23512683107 0.0323618090452 -2.6279506572 -0.414063359989
89 3.23512683107 0.0259296482412 -2.63322840973 -1.49676145115
89 1.70269833214 0.00683417085427 -2.32387382073 -1.02421256889
89 1.87296816536 0.0078391959799 -2.37589782906 -0.842804422002
89 3.06485699786 0.0249748743719 -2.6092758824 -0.523220912316
89 2.55404749822 0.0188442211055 -2.52702854621 -0.902629845887
90 3.40539666429 0.0349748743719 -2.64898918935 0.212647712354
90 2.04323799857 0.00964824120603 -2.4211001967 -0.68057397133
90 1.36215866572 0.00356783919598 -2.19890945304 -1.46526441623
90 2.04323799857 0.0111055276382 -2.41936521724 -2.10323492633
90 2.21350783179 0.0139698492462 -2.45870706238 -1.21311740614
90 1.87296816536 0.0106030150754 -2.37237713323 -0.0949955348905
90 2.383777665 0.0202512562814 -2.49052046023 -1.70110349698
90 2.04323799857 0.0103015075377 -2.42032244729 1.45341746118
90 2.55404749822 0.016783919598 -2.5290822043 -2.15112154222
90 2.21350783179 0.0151256281407 -2.45741509936 -1.21311740614
91 3.40539666429 0.0353266331658 -2.64871272388 -1.3609792887
91 3.40539666429 0.0375376884422 -2.64697494093 -2.41006395607
91 1.87296816536 0.00844221105528 -2.37512967724 -3.83403997045
91 1.1918888325 0.00346733668342 -2.11868144149 0.184786332983
91 2.72431733143 0.0157788944724 -2.56175380747 -1.96769567106
91 3.5756664975 0.0376884422111 -2.66841059078 -1.74274206057
91 2.04323799857 0.00733668341709 -2.42385223309 -2.81456540384
91 1.36215866572 0.00457286432161 -2.19728279754 1.21863002255
91 2.55404749822 0.0149748743719 -2.53088541628 -2.15112154222
91 2.383777665 0.0114572864322 -2.4997869367 -3.00153081481
92 4.08647599715 0.0376381909548 -2.72450880676 -2.76753409161
92 2.89458716465 0.019648241206 -2.5871834713 -2.37791364812
92 2.72431733143 0.0177889447236 -2.55985268847 -0.766299888777
92 2.89458716465 0.0215075376884 -2.58551027362 -4.11555642131
92 3.06485699786 0.0175879396985 -2.61561644092 -1.64223888308
92 2.55404749822 0.0211055276382 -2.52477453123 -0.902629845887
92 3.40539666429 0.0359296482412 -2.64823878307 -3.45914862344
92 2.21350783179 0.0125628140704 -2.46027988692 -2.57121729342
92 3.5756664975 0.031959798995 -2.67273124286 -1.74274206057
92 2.55404749822 0.0150753768844 -2.53078523784 0.34586185045
93 1.53242849893 0.00537688442211 -2.26541604287 -1.22949715829
93 2.72431733143 0.0130653266332 -2.56432031812 -1.96769567106
93 3.06485699786 0.0250753768844 -2.6091896163 -2.76125685385
93 3.91620616393 0.0527638190955 -2.69654856728 -0.0402850455325
93 1.70269833214 0.00587939698492 -2.32518216491 1.34427101731
93 2.383777665 0.0210552763819 -2.48967323953 0.249537479772
93 1.70269833214 0.00693467336683 -2.32373610029 -0.234718040155
93 2.89458716465 0.0195477386935 -2.58727391442 -1.21948513265
93 2.383777665 0.0129648241206 -2.49819839788 0.249537479772
93 2.04323799857 0.0100502512563 -2.42062158168 -2.10323492633
94 2.89458716465 0.0143718592965 -2.59193173498 -1.21948513265
94 3.06485699786 0.0219095477387 -2.61190699852 -0.523220912316
94 2.383777665 0.0103015075377 -2.50100481646 -0.400676179145
94 1.87296816536 0.00949748743719 -2.37378541156 0.65281335222
94 3.91620616393 0.0425125628141 -2.7037035881 -3.40563185339
94 3.5756664975 0.0276884422111 -2.67595278169 -1.23381322543
94 3.06485699786 0.0274874371859 -2.60711922984 -2.76125685385
94 2.89458716465 0.0258793969849 -2.581575998 -1.21948513265
94 2.04323799857 0.0106532663317 -2.41990365914 -2.10323492633
94 2.04323799857 0.00949748743719 -2.42127967733 -1.39190444883
95 2.55404749822 0.0152763819095 -2.53058488095 0.34586185045
95 2.72431733143 0.020351758794 -2.55742876174 -2.56839356221
95 2.21350783179 0.0156281407035 -2.45685337631 -1.21311740614
95 1.70269833214 0.00663316582915 -2.32414926161 -1.81370709762
95 2.89458716465 0.0186934673367 -2.58804268092 -0.640270874918
95 2.55404749822 0.0141708542714 -2.53168684383 -2.15112154222
95 2.04323799857 0.00804020100503 -2.4230146568 -2.81456540384
95 2.383777665 0.0157286432161 -2.4952860767 -1.05088983806
95 3.91620616393 0.0437185929648 -2.70286182095 -2.444104194
95 3.06485699786 0.023216080402 -2.61078553919 -1.64223888308
96 3.5756664975 0.0257788944724 -2.67739299905 -1.23381322543
96 1.53242849893 0.00442211055276 -2.26683247177 -1.22949715829
96 2.72431733143 0.0163316582915 -2.56123099974 -1.96769567106
96 2.72431733143 0.0147738693467 -2.56270436697 -0.766299888777
96 2.383777665 0.0123618090452 -2.4988338134 -2.35131715589
96 2.72431733143 0.0155778894472 -2.56194391937 0.435095893509
96 2.89458716465 0.0201005025126 -2.58677647727 -3.53634216358
96 2.55404749822 0.0119095477387 -2.53394085881 -2.15112154222
96 2.55404749822 0.022864321608 -2.52302140847 -2.77536739039
96 3.91620616393 0.0496984924623 -2.6986880588 -1.48257653461
97 2.383777665 0.0111557788945 -2.50010464446 -0.400676179145
97 2.55404749822 0.0124120603015 -2.53343996659 -0.278383997719
97 1.53242849893 0.00467336683417 -2.26645972733 -0.391720492966
97 2.55404749822 0.0160804020101 -2.5297834534 -0.278383997719
97 2.04323799857 0.0100502512563 -2.42062158168 -0.68057397133
97 1.70269833214 0.0048743718593 -2.3265593693 1.34427101731
97 2.55404749822 0.0221105527638 -2.52377274679 -2.77536739039
97 2.55404749822 0.0158793969849 -2.52998381029 -0.902629845887
97 2.72431733143 0.0186934673367 -2.55899718492 -0.165601997634
97 1.87296816536 0.00698492462312 -2.37698604414 -2.33842219622
98 2.72431733143 0.0134673366834 -2.56394009432 -0.766299888777
98 3.06485699786 0.0259296482412 -2.60845635443 -2.20174786847
98 2.55404749822 0.0158793969849 -2.52998381029 0.34586185045
98 2.72431733143 0.0158291457286 -2.56170627949 0.435095893509
98 1.70269833214 0.00502512562814 -2.32635278864 -1.02421256889
98 2.55404749822 0.0151256281407 -2.53073514862 -0.278383997719
98 2.72431733143 0.0202010050251 -2.55757134567 -2.56839356221
98 2.55404749822 0.0176381909548 -2.52823068753 -0.902629845887
98 2.04323799857 0.0120603015075 -2.41822850655 1.45341746118
98 2.55404749822 0.0165829145729 -2.52928256118 0.34586185045
99 1.70269833214 0.00778894472362 -2.32256547655 -1.02421256889
99 2.21350783179 0.00889447236181 -2.46438046519 -1.89216734978
99 2.72431733143 0.0221105527638 -2.55576528262 -0.766299888777
99 2.55404749822 0.0176381909548 -2.52823068753 -2.15112154222
99 2.21350783179 0.0117085427136 -2.46123481611 -1.21311740614
99 2.89458716465 0.0279899497487 -2.57967669253 -2.95712790585
99 3.06485699786 0.0250251256281 -2.60923274935 -2.20174786847
99 3.06485699786 0.0245226130653 -2.60966407986 -2.20174786847
99 3.23512683107 0.0252261306533 -2.63380566392 -2.03811049674
99 1.87296816536 0.0158291457286 -2.36571981747 -3.83403997045
